#{"t_start": 1617386190.6648433, "env_id": null}
r,l,t
8,100,0.504114
13,100,1.019231
6,100,1.535347
12,100,2.041461
13,100,2.162488
12,100,2.680606
10,100,3.192721
11,100,3.696835
13,100,4.193946
10,100,4.304972
5,100,4.809085
14,100,5.319201
7,100,5.822314
6,100,5.942342
8,100,6.493465
9,100,7.014584
16,100,7.539702
20,100,8.06182
13,100,8.178846
12,100,8.698973
11,100,9.234093
13,100,9.802572
18,100,9.927601
11,100,10.438716
15,100,10.94583
8,100,11.457946
10,100,11.960059
15,100,12.073085
18,100,12.580199
11,100,13.081312
12,100,13.589427
8,100,13.705452
9,100,14.209567
10,100,14.706679
12,100,15.206791
16,100,15.704904
16,100,15.816929
14,100,16.318043
18,100,16.817155
15,100,17.317268
17,100,17.814379
19,100,17.927405
12,100,18.429519
21,100,18.963639
13,100,19.462751
13,100,19.576777
18,100,20.079891
19,100,20.576003
9,100,21.076116
11,100,21.573228
14,100,21.684253
12,100,22.190367
11,100,22.717486
18,100,23.2196
10,100,23.341627
17,100,23.863745
19,100,24.376861
12,100,24.884976
19,100,25.388088
14,100,25.500115
8,100,26.050239
14,100,26.555353
21,100,27.061467
19,100,27.179493
16,100,27.682607
21,100,28.191722
22,100,30.860798
20,100,31.372913
15,100,31.497942
13,100,32.011057
14,100,32.50917
18,100,33.019285
13,100,33.535401
18,100,33.66243
13,100,34.198567
12,100,34.723685
14,100,35.228799
21,100,35.338824
20,100,35.842937
17,100,36.34105
18,100,36.842163
16,100,37.338275
18,100,37.4493
11,100,37.952414
17,100,38.484534
17,100,39.008652
16,100,39.129679
19,100,39.671802
14,100,40.254124
13,100,40.841477
14,100,41.425678
18,100,41.553458
18,100,42.148952
17,100,42.74402
23,100,43.32697
15,100,43.464689
23,100,44.047265
15,100,44.630901
17,100,45.20878
13,100,45.791833
18,100,45.921419
18,100,46.4998
19,100,47.073901
24,100,47.657053
24,100,48.230878
14,100,48.356853
27,100,48.913686
21,100,49.465658
19,100,50.024677
21,100,50.153371
14,100,50.74485
21,100,51.343013
20,100,51.89828
20,100,52.443959
24,100,52.56602
18,100,53.089902
12,100,53.611889
28,100,54.148893
25,100,54.286426
16,100,54.830008
25,100,55.36393
22,100,55.884776
19,100,56.402755
22,100,56.517921
22,100,57.032721
21,100,57.537278
14,100,58.045402
22,100,58.160773
23,100,58.67222
18,100,59.190362
18,100,59.699185
21,100,60.213282
23,100,60.33437
24,100,60.853532
24,100,61.367993
21,100,61.881492
18,100,62.382115
17,100,62.499142
27,100,63.000254
19,100,63.505368
17,100,64.017483
15,100,64.13351
20,100,64.642624
23,100,65.148739
15,100,65.648852
16,100,66.150965
18,100,66.26299
17,100,66.767104
24,100,67.268217
22,100,67.779333
23,100,67.892358
27,100,68.398472
26,100,68.905586
22,100,69.422704
22,100,69.923817
24,100,70.045844
22,100,70.580965
21,100,71.110084
18,100,71.619199
32,100,71.736226
21,100,72.241339
22,100,72.747454
21,100,73.252568
25,100,73.762683
23,100,73.87871
24,100,74.379822
22,100,74.881935
25,100,75.380048
22,100,75.883161
28,100,76.000188
22,100,76.514303
21,100,77.02942
11,100,77.532533
24,100,77.64856
17,100,78.155674
21,100,78.663789
23,100,79.172903
20,100,79.677017
22,100,79.788042
27,100,80.290155
17,100,80.803271
24,100,81.301384
18,100,81.411409
25,100,81.916522
28,100,82.425637
31,100,82.932752
22,100,83.433865
15,100,83.54689
17,100,84.051004
24,100,84.553117
17,100,85.056231
28,100,85.168256
23,100,85.669369
25,100,86.165481
32,100,86.6896
22,100,87.195714
20,100,87.307739
16,100,87.84586
25,100,88.364978
24,100,88.876093
24,100,89.382207
21,100,89.497234
28,100,90.007348
21,100,90.511463
23,100,91.017576
23,100,91.130601
27,100,91.640717
27,100,92.148831
22,100,92.651945
31,100,93.159059
27,100,93.274086
24,100,93.7822
24,100,94.287314
31,100,94.787427
27,100,94.899452
30,100,95.406566
28,100,95.908681
27,100,96.416795
23,100,96.926909
29,100,97.038935
26,100,97.542048
26,100,98.042161
22,100,98.538273
20,100,98.649298
23,100,99.153412
25,100,99.655525
25,100,100.165641
26,100,100.671754
27,100,100.78378
28,100,101.289894
23,100,101.80301
21,100,102.320127
26,100,102.850246
33,100,102.970273
27,100,103.480388
32,100,103.989503
26,100,104.497618
33,100,104.610644
30,100,105.114757
22,100,105.621872
42,100,106.124986
28,100,106.622097
30,100,106.737123
27,100,107.247239
29,100,107.747351
25,100,108.267469
27,100,108.397498
30,100,108.906613
28,100,109.410727
34,100,109.91384
24,100,110.410953
26,100,110.520977
30,100,111.02109
38,100,111.520202
31,100,112.016315
23,100,112.126339
26,100,112.647209
31,100,113.18733
22,100,113.731453
28,100,114.243568
28,100,114.355594
27,100,114.858707
25,100,115.382825
27,100,115.885939
23,100,116.387052
27,100,116.50808
27,100,117.014194
33,100,117.516307
21,100,118.029426
23,100,118.15145
20,100,118.696574
30,100,119.200687
29,100,119.696799
32,100,120.203914
32,100,120.31994
32,100,120.828054
24,100,121.363175
38,100,121.889294
30,100,122.001319
28,100,122.501432
29,100,123.021549
18,100,123.521662
33,100,124.026776
24,100,124.149805
26,100,124.665921
34,100,125.175035
27,100,125.694152
21,100,125.808178
35,100,126.309291
36,100,126.805403
28,100,127.301515
31,100,127.799627
33,100,127.910653
42,100,128.416767
25,100,128.950887
35,100,129.466003
28,100,129.978119
33,100,130.090144
31,100,130.596258
28,100,131.129379
33,100,131.641495
36,100,131.75352
23,100,132.253632
31,100,132.77275
32,100,133.272862
32,100,133.771975
29,100,133.886001
31,100,134.418121
35,100,134.973246
34,100,135.506368
32,100,135.628394
40,100,136.157514
32,100,136.696635
30,100,137.196748
38,100,137.719866
36,100,137.834892
29,100,138.334004
29,100,138.833117
30,100,139.338231
39,100,139.449256
31,100,139.950369
38,100,140.457484
33,100,140.954596
44,100,141.450708
32,100,141.563733
38,100,142.065846
39,100,142.565959
36,100,143.083076
28,100,143.579188
31,100,143.689213
27,100,144.189326
37,100,144.703442
28,100,145.223559
32,100,145.336585
38,100,145.839698
29,100,146.355815
33,100,146.853927
32,100,147.358041
34,100,147.470066
34,100,147.969179
32,100,148.469291
29,100,148.965404
35,100,149.076428
37,100,149.578542
24,100,150.078654
33,100,150.601773
29,100,151.12089
37,100,151.232915
26,100,151.737029
36,100,152.253145
34,100,152.768261
27,100,152.878287
35,100,153.378399
34,100,153.881513
30,100,154.377625
27,100,154.877738
35,100,154.989763
26,100,155.492877
29,100,155.986988
36,100,156.497104
36,100,157.005218
38,100,157.123244
38,100,157.63536
32,100,158.140474
35,100,158.644588
25,100,158.762614
33,100,159.260726
30,100,159.76484
24,100,160.279956
27,100,160.777069
35,100,160.888094
31,100,161.397208
35,100,161.908324
43,100,162.408436
33,100,162.519462
31,100,163.021575
35,100,163.518687
38,100,164.0168
32,100,164.522914
31,100,164.633939
37,100,165.139053
29,100,165.635165
40,100,166.140282
32,100,166.27831
35,100,166.824434
31,100,167.343551
31,100,167.866669
31,100,168.383786
28,100,168.49681
33,100,169.010926
32,100,169.51304
39,100,170.038159
30,100,170.561277
34,100,170.675302
31,100,171.188418
25,100,171.710536
29,100,172.240655
24,100,172.355681
27,100,172.870797
34,100,173.381913
32,100,173.90103
27,100,174.443155
28,100,174.556181
41,100,175.070297
36,100,175.575411
28,100,176.081525
34,100,176.198552
36,100,176.710667
43,100,177.221782
26,100,177.733898
34,100,178.238012
32,100,178.360039
41,100,178.877156
26,100,179.387271
33,100,179.890384
37,100,180.00641
40,100,180.517526
27,100,181.01764
41,100,181.538757
31,100,182.036869
38,100,182.158896
30,100,182.690016
36,100,183.199131
34,100,183.705245
29,100,184.208359
32,100,184.320384
40,100,184.829499
29,100,185.338614
32,100,185.85173
31,100,185.967756
32,100,186.476871
38,100,186.985986
29,100,187.488099
35,100,187.994213
36,100,188.110239
28,100,188.620355
36,100,189.135471
34,100,189.654588
34,100,189.774615
42,100,190.294733
33,100,190.804847
29,100,191.303961
32,100,191.817076
40,100,191.931102
44,100,192.438216
38,100,192.947331
27,100,193.452444
40,100,193.56547
29,100,194.063583
32,100,194.563696
41,100,195.062808
27,100,195.560921
31,100,195.671946
27,100,196.18006
38,100,196.684174
37,100,197.19329
32,100,197.695402
34,100,197.81543
40,100,198.333547
43,100,198.860665
30,100,199.366779
34,100,199.481805
33,100,200.001923
28,100,200.508037
31,100,201.017152
44,100,201.520265
40,100,201.635291
30,100,202.142406
31,100,202.652521
32,100,203.152633
35,100,203.262659
29,100,203.763772
35,100,204.270886
38,100,204.786002
37,100,205.298118
25,100,205.410143
36,100,205.918258
30,100,206.419371
33,100,206.923484
25,100,207.03551
39,100,207.536623
34,100,208.035736
28,100,208.537849
31,100,209.043963
40,100,209.158989
37,100,209.680107
31,100,210.191222
33,100,210.694335
29,100,211.190447
29,100,211.304473
32,100,211.810588
32,100,212.3127
31,100,212.813814
34,100,212.92684
35,100,213.430953
36,100,213.929065
31,100,214.444182
41,100,214.965299
35,100,215.079325
38,100,215.585439
38,100,216.090553
33,100,216.60667
39,100,216.726697
32,100,217.242813
37,100,217.753928
28,100,218.262043
34,100,218.763156
29,100,218.888185
35,100,219.397299
34,100,219.911415
29,100,220.41953
38,100,220.532555
33,100,221.032668
30,100,221.532781
31,100,222.033895
37,100,222.529006
34,100,222.651034
42,100,223.154147
33,100,223.651259
36,100,224.159374
34,100,224.661487
32,100,224.787516
28,100,225.306491
30,100,225.830505
35,100,226.352622
35,100,226.468648
41,100,226.983764
33,100,227.498881
36,100,228.010997
35,100,228.511109
34,100,228.624135
29,100,229.13425
32,100,229.642364
31,100,230.145478
33,100,230.288511
36,100,230.862641
29,100,231.382757
40,100,231.911876
38,100,232.424992
35,100,232.537018
40,100,233.049134
33,100,233.556248
38,100,234.071364
36,100,234.182389
32,100,234.714509
37,100,235.225624
38,100,235.725737
35,100,236.226851
27,100,236.338876
32,100,236.838989
36,100,237.336101
31,100,237.834213
31,100,238.329325
35,100,238.442351
38,100,238.942464
32,100,239.440576
34,100,239.938688
39,100,240.049713
37,100,240.551827
36,100,241.049939
32,100,241.546051
36,100,242.043163
36,100,242.155189
27,100,242.681307
35,100,243.192423
38,100,243.694536
44,100,243.808561
32,100,244.323678
32,100,244.829791
31,100,245.35391
31,100,245.873027
31,100,245.989054
32,100,246.536177
37,100,247.064296
33,100,247.572411
31,100,247.685436
31,100,248.206553
37,100,248.747676
34,100,249.259791
39,100,249.78691
35,100,249.903937
36,100,250.411051
38,100,250.921167
33,100,251.419278
33,100,251.925393
39,100,252.039419
32,100,252.543532
27,100,253.055648
32,100,253.572765
28,100,253.690792
33,100,254.195906
32,100,254.694018
31,100,255.194131
35,100,255.697244
32,100,255.81427
32,100,256.320385
37,100,256.817497
37,100,257.314609
40,100,257.426635
39,100,257.929748
33,100,258.42886
37,100,258.935975
40,100,259.44709
32,100,259.565117
32,100,260.084234
26,100,260.585347
30,100,261.08346
44,100,261.196485
33,100,261.694597
39,100,262.199712
39,100,262.736832
36,100,263.247948
26,100,263.379977
28,100,263.916099
36,100,264.436216
39,100,264.967337
39,100,265.47445
33,100,265.607484
35,100,266.129598
38,100,266.653717
33,100,267.153829
35,100,267.266855
31,100,267.77997
39,100,268.273082
34,100,268.783196
32,100,269.28631
37,100,269.400336
37,100,269.90445
41,100,270.400562
37,100,270.898674
38,100,271.0137
42,100,271.521815
38,100,272.03093
39,100,272.545046
38,100,273.054161
32,100,273.169187
33,100,273.673301
30,100,274.184415
25,100,274.681528
35,100,274.797555
39,100,275.31167
35,100,275.833788
33,100,276.367908
40,100,276.870022
42,100,276.982047
38,100,277.48516
40,100,277.988274
32,100,278.505391
31,100,279.021507
36,100,279.137533
38,100,279.636646
38,100,280.14076
35,100,280.641872
34,100,280.765899
31,100,281.320026
27,100,281.835142
43,100,282.35826
39,100,282.857373
30,100,282.970399
34,100,283.471512
36,100,283.972625
38,100,284.470737
41,100,284.581762
31,100,285.083875
39,100,285.582988
37,100,286.082101
33,100,286.580213
33,100,286.694239
32,100,287.193351
38,100,287.689463
34,100,288.189576
33,100,288.299601
29,100,288.796713
31,100,289.296826
41,100,289.795938
42,100,290.294051
33,100,290.406076
32,100,290.906189
31,100,291.403301
41,100,291.904414
35,100,292.400526
36,100,292.513551
35,100,293.014665
36,100,293.513777
38,100,294.009889
31,100,294.125916
36,100,294.654035
38,100,295.156148
34,100,295.654261
44,100,296.153373
37,100,296.267399
41,100,296.769512
30,100,297.267625
37,100,297.767737
37,100,297.879763
36,100,298.384876
34,100,298.883989
39,100,299.383102
45,100,299.880214
40,100,299.99524
34,100,300.498354
36,100,301.000467
38,100,301.49958
33,100,301.612605
38,100,302.112718
35,100,302.611831
39,100,303.113944
37,100,303.614057
38,100,303.726082
44,100,304.228196
33,100,304.725307
34,100,305.224419
33,100,305.718531
35,100,305.832557
41,100,306.333671
32,100,306.834783
28,100,307.332896
34,100,307.450922
33,100,307.953035
21,100,308.452148
46,100,308.950261
30,100,309.448373
38,100,309.562399
33,100,310.064512
37,100,310.589631
36,100,311.103747
34,100,311.214772
31,100,311.716885
36,100,312.214997
40,100,312.710109
37,100,313.208221
29,100,313.323248
42,100,313.831362
36,100,314.329474
37,100,314.859594
31,100,314.982622
37,100,315.500739
38,100,315.999852
41,100,316.506966
33,100,317.005078
45,100,317.118103
39,100,317.619217
39,100,318.11933
36,100,318.629445
24,100,319.128557
36,100,319.240583
32,100,319.743696
42,100,320.241809
35,100,320.742922
37,100,320.855948
31,100,321.35706
34,100,321.861174
35,100,322.358286
34,100,322.856399
34,100,322.971425
38,100,323.472553
34,100,323.970665
40,100,324.468777
40,100,324.581803
34,100,325.080915
36,100,325.577027
32,100,326.07514
38,100,326.593257
33,100,326.712284
30,100,327.217398
38,100,327.71451
31,100,328.215623
31,100,328.325648
33,100,328.82276
41,100,329.321872
29,100,329.825987
39,100,330.322098
31,100,330.434124
35,100,330.933236
34,100,331.431348
33,100,331.930461
38,100,332.425573
41,100,332.5446
31,100,333.066717
41,100,333.571831
34,100,334.073945
33,100,334.197973
35,100,334.707087
32,100,335.212201
36,100,335.709313
37,100,336.212427
32,100,336.336455
36,100,336.88858
34,100,337.386692
39,100,337.887805
34,100,338.000831
37,100,338.521948
41,100,339.043066
32,100,339.556182
39,100,340.062296
32,100,340.180324
38,100,340.692438
32,100,341.203553
35,100,341.733673
38,100,341.859701
36,100,342.384821
33,100,342.91794
46,100,343.424055
31,100,343.963176
40,100,344.094205
34,100,344.628326
34,100,345.154445
39,100,345.656558
38,100,346.159672
45,100,346.280699
42,100,346.803817
35,100,347.314932
35,100,347.833049
39,100,347.950076
28,100,348.470193
37,100,348.98631
40,100,349.504427
36,100,350.017543
38,100,350.132568
48,100,350.639683
40,100,351.150798
35,100,351.683919
37,100,351.801945
37,100,352.31006
37,100,352.821175
39,100,353.33329
43,100,353.854408
35,100,353.967434
35,100,354.485551
37,100,354.992665
31,100,355.524801
40,100,355.648829
42,100,356.160945
45,100,356.669059
35,100,357.179174
35,100,357.681287
32,100,357.797313
29,100,358.317431
30,100,358.853552
44,100,359.360667
29,100,359.86578
33,100,359.983807
34,100,360.492922
32,100,361.008038
37,100,361.514153
42,100,361.626178
38,100,362.136292
46,100,362.636406
37,100,363.147521
36,100,363.655636
34,100,363.779664
38,100,364.290779
34,100,364.807896
36,100,365.324044
35,100,365.462073
38,100,365.999194
36,100,366.527314
39,100,367.066435
30,100,367.606557
33,100,367.726584
36,100,368.2367
38,100,368.762818
36,100,369.261931
36,100,369.372956
36,100,369.87607
34,100,370.374181
40,100,370.875295
36,100,371.377408
34,100,371.492435
34,100,372.015552
41,100,372.529668
30,100,373.062731
36,100,373.568845
32,100,373.692873
30,100,374.21099
31,100,374.741111
33,100,375.246223
44,100,375.362249
41,100,375.872365
37,100,376.38248
40,100,376.886594
35,100,377.387707
44,100,377.502733
33,100,378.011848
37,100,378.512961
34,100,379.019075
47,100,379.1311
34,100,379.643215
34,100,380.14733
39,100,380.656444
34,100,381.156558
31,100,381.274584
38,100,381.784698
34,100,382.288812
44,100,382.797927
37,100,382.913954
35,100,383.418067
32,100,383.920181
37,100,384.423294
39,100,384.925408
29,100,385.041434
38,100,385.579562
38,100,386.131687
31,100,386.671808
38,100,387.20593
29,100,387.319955
43,100,387.840072
35,100,388.366191
40,100,388.874306
40,100,388.991332
37,100,389.495446
34,100,390.007561
26,100,390.544683
29,100,391.083804
32,100,391.199831
40,100,391.713946
35,100,392.22006
34,100,392.740178
38,100,392.852203
36,100,393.363318
38,100,393.892753
39,100,394.403869
36,100,394.915984
37,100,395.03001
44,100,395.539125
36,100,396.058242
36,100,396.561355
36,100,396.67238
43,100,397.179495
39,100,397.679608
30,100,398.187722
32,100,398.690836
41,100,398.803861
35,100,399.317977
35,100,399.81709
33,100,400.325205
40,100,400.830319
39,100,400.946345
41,100,401.448458
31,100,401.946571
35,100,402.450684
37,100,402.56371
38,100,403.076825
34,100,403.577939
48,100,404.083053
42,100,404.586166
40,100,404.707194
35,100,405.214308
35,100,405.716422
42,100,406.219535
36,100,406.345563
32,100,406.879684
40,100,407.389799
44,100,407.894913
33,100,408.425032
43,100,408.544059
41,100,409.065177
45,100,409.56929
30,100,410.075405
42,100,410.18743
35,100,410.698546
35,100,411.20366
36,100,411.707773
41,100,412.213887
35,100,412.331914
39,100,412.838028
34,100,413.338141
33,100,413.842255
27,100,414.338367
40,100,414.452393
35,100,414.969509
33,100,415.474623
29,100,415.973736
33,100,416.086761
32,100,416.591876
40,100,417.102991
34,100,417.602103
35,100,418.117219
42,100,418.235246
35,100,418.751363
38,100,419.259477
34,100,419.769592
36,100,419.884619
38,100,420.389733
35,100,420.887845
36,100,421.393959
28,100,421.893071
31,100,422.007098
42,100,422.535217
32,100,423.052334
37,100,423.556448
32,100,423.668473
36,100,424.168586
36,100,424.710708
32,100,425.249829
33,100,425.760945
37,100,425.878972
37,100,426.387086
33,100,426.907202
32,100,427.409317
33,100,427.908429
36,100,428.037459
33,100,428.553575
35,100,429.052688
34,100,429.556802
40,100,429.667827
29,100,430.206948
40,100,430.722064
23,100,431.254184
35,100,431.759298
35,100,431.873323
37,100,432.375437
35,100,432.876551
39,100,433.392667
36,100,433.511694
39,100,434.038813
41,100,434.536924
39,100,435.037038
38,100,435.53215
33,100,435.655178
25,100,436.164293
34,100,436.677408
42,100,437.180522
35,100,437.292547
38,100,437.79366
35,100,438.300774
44,100,438.831894
44,100,439.334008
39,100,439.447033
33,100,439.954148
36,100,440.45826
30,100,440.978379
38,100,441.492494
34,100,441.609521
33,100,442.117636
33,100,442.62775
36,100,443.139865
42,100,443.255893
33,100,443.764007
33,100,444.261119
36,100,444.765233
33,100,445.301354
35,100,445.425382
34,100,445.958502
41,100,446.460616
40,100,446.96973
43,100,447.084756
33,100,447.591871
38,100,448.089983
34,100,448.594097
35,100,449.09621
40,100,449.22524
34,100,449.743356
46,100,450.251471
40,100,450.760585
33,100,450.879613
40,100,451.378725
37,100,451.880838
37,100,452.398956
40,100,452.903069
40,100,453.018095
35,100,453.534211
38,100,454.074333
32,100,454.603452
41,100,455.128571
38,100,455.240597
34,100,455.779718
36,100,456.284832
31,100,456.792947
41,100,456.917975
33,100,457.440093
34,100,457.969212
34,100,458.49033
41,100,458.994444
40,100,459.106468
42,100,459.610583
39,100,460.109696
35,100,460.61481
40,100,460.726835
37,100,461.228947
44,100,461.729061
36,100,462.227174
40,100,462.727286
32,100,462.840312
41,100,463.36543
29,100,463.908569
32,100,464.438689
41,100,464.551714
43,100,465.067831
28,100,465.570944
36,100,466.069056
40,100,466.566169
32,100,466.677194
51,100,467.181308
43,100,467.716477
36,100,468.241595
38,100,468.769231
43,100,468.883257
39,100,469.393372
36,100,469.900486
40,100,470.416603
42,100,470.542632
36,100,471.059748
40,100,471.558861
41,100,472.056973
45,100,472.551085
35,100,472.66111
39,100,473.165223
41,100,473.660335
40,100,474.163449
34,100,474.274474
31,100,474.778588
43,100,475.2757
35,100,475.771812
39,100,476.270924
35,100,476.380949
31,100,476.911068
40,100,477.440188
38,100,477.950303
43,100,478.063328
30,100,478.6186
34,100,479.124715
38,100,479.659836
41,100,480.213613
36,100,480.351149
33,100,480.904177
29,100,481.496106
39,100,482.084081
44,100,482.659055
37,100,482.790957
33,100,483.350025
40,100,483.926471
37,100,484.442086
42,100,484.557112
38,100,485.07823
33,100,485.585344
41,100,486.108462
33,100,486.652584
34,100,486.774613
38,100,487.275726
28,100,487.774839
41,100,488.338965
32,100,488.473996
45,100,489.02212
39,100,489.565243
35,100,490.077358
37,100,490.585472
45,100,490.699498
32,100,491.200612
43,100,491.713727
35,100,492.228843
38,100,492.34687
35,100,492.855985
41,100,493.393106
38,100,493.908222
40,100,494.421338
38,100,494.533363
34,100,495.070484
41,100,495.590602
38,100,496.11572
38,100,496.610831
33,100,496.723858
31,100,497.225971
40,100,497.721083
38,100,498.259204
40,100,498.385233
39,100,498.903349
39,100,499.402462
34,100,499.905575
44,100,500.453698
31,100,500.579727
39,100,501.16886
43,100,501.69698
38,100,502.209096
30,100,502.328122
41,100,502.869244
36,100,503.378359
48,100,503.883473
39,100,504.382586
39,100,504.497612
47,100,505.002726
31,100,505.501838
42,100,506.067275
34,100,506.197305
37,100,506.772434
41,100,507.351566
34,100,507.877684
44,100,508.3908
42,100,508.508827
37,100,509.027944
48,100,509.536059
37,100,510.038172
41,100,510.538285
37,100,510.65031
40,100,511.152423
42,100,511.653537
32,100,512.154649
36,100,512.266676
37,100,512.769788
41,100,513.270901
46,100,513.773015
37,100,514.278129
42,100,514.394156
38,100,514.90527
48,100,515.420387
34,100,515.936502
35,100,516.051529
43,100,516.554642
47,100,517.099766
43,100,517.669894
45,100,518.201014
33,100,518.330043
38,100,518.859162
38,100,519.361276
31,100,519.861388
36,100,519.972414
38,100,520.531364
39,100,521.072486
40,100,521.628612
37,100,522.166733
38,100,522.28576
42,100,522.798876
35,100,523.320993
38,100,523.819106
34,100,524.312217
38,100,524.428243
41,100,524.931357
46,100,525.435471
32,100,525.961589
33,100,526.075615
49,100,526.588731
32,100,527.103847
37,100,527.60396
37,100,528.102072
37,100,528.211097
37,100,528.71121
39,100,529.206322
38,100,529.705434
41,100,529.81746
38,100,530.313571
40,100,530.811684
34,100,531.306795
49,100,531.800907
42,100,531.910931
45,100,532.425048
35,100,532.920159
36,100,533.419272
32,100,533.530297
43,100,534.025409
41,100,534.542526
40,100,535.055642
42,100,535.552754
37,100,535.672781
41,100,536.196899
39,100,536.73702
39,100,537.252137
36,100,537.84227
41,100,537.961297
41,100,538.470412
33,100,538.978526
34,100,539.52265
39,100,539.652679
39,100,540.1908
38,100,540.687912
33,100,541.185025
40,100,541.684137
35,100,541.797163
26,100,542.296275
39,100,542.794388
32,100,543.2935
38,100,543.403525
37,100,543.915641
38,100,544.414753
35,100,544.927869
40,100,545.428982
37,100,545.540007
35,100,546.039119
35,100,546.537233
32,100,547.036345
40,100,547.14637
41,100,547.640481
44,100,548.136593
38,100,548.630704
33,100,549.127817
31,100,549.236842
40,100,549.739955
36,100,550.243069
29,100,550.770187
44,100,551.265299
31,100,551.377325
37,100,551.882439
40,100,552.451566
42,100,553.017699
29,100,553.148729
39,100,553.748663
39,100,554.32063
43,100,554.894608
37,100,555.474587
34,100,555.638582
38,100,556.198564
37,100,556.748531
31,100,557.298908
42,100,557.436907
40,100,558.00246
40,100,558.53143
37,100,559.048404
38,100,559.577805
39,100,559.696383
38,100,560.221771
40,100,560.74332
30,100,561.265305
32,100,561.383291
38,100,561.901266
34,100,562.416245
33,100,562.942639
37,100,563.47061
36,100,563.597612
36,100,564.138767
40,100,564.718011
32,100,565.275689
35,100,565.784804
40,100,565.896829
42,100,566.410945
46,100,566.963069
38,100,567.548428
39,100,567.674422
37,100,568.23239
40,100,568.77136
35,100,569.291344
44,100,569.842345
41,100,569.963311
43,100,570.509289
33,100,571.029839
41,100,571.549817
40,100,571.666814
34,100,572.200778
34,100,572.722167
37,100,573.237147
35,100,573.757876
39,100,573.879696
46,100,574.407092
37,100,574.929065
33,100,575.463629
38,100,575.579618
34,100,576.114602
34,100,576.633588
34,100,577.161544
44,100,577.704519
39,100,577.836518
33,100,578.405488
44,100,578.920459
31,100,579.501889
41,100,580.055422
34,100,580.191399
38,100,580.750804
43,100,581.33477
40,100,581.869325
45,100,581.986324
38,100,582.580208
45,100,583.155266
41,100,583.677228
39,100,584.218278
42,100,584.340203
40,100,584.883188
39,100,585.412596
41,100,585.931125
36,100,586.061116
40,100,586.589034
38,100,587.108068
41,100,587.622044
43,100,588.136024
37,100,588.253428
41,100,588.770985
43,100,589.283388
39,100,589.817944
27,100,589.933942
33,100,590.445909
39,100,590.961888
43,100,591.475283
36,100,591.987835
45,100,592.10883
25,100,592.623812
43,100,593.134787
43,100,593.648175
35,100,594.161197
35,100,594.278727
44,100,594.794135
45,100,595.305682
40,100,595.81607
41,100,595.933066
37,100,596.446046
32,100,596.954024
37,100,597.463585
38,100,597.976977
39,100,598.094556
35,100,598.629899
36,100,599.15291
36,100,599.664286
34,100,599.782878
33,100,600.300817
41,100,600.836529
34,100,601.352645
39,100,601.86276
37,100,601.986789
37,100,602.513908
36,100,603.014021
39,100,603.515133
40,100,603.625158
35,100,604.11927
43,100,604.627386
38,100,605.149502
42,100,605.662617
46,100,605.775643
39,100,606.287759
39,100,606.792873
26,100,607.31399
34,100,607.829107
37,100,607.950135
43,100,608.528265
33,100,609.03838
37,100,609.540493
40,100,609.656519
44,100,610.161633
42,100,610.662746
45,100,611.161859
42,100,611.661971
39,100,611.775997
28,100,612.352128
43,100,612.857242
42,100,613.361355
36,100,613.47238
37,100,613.972493
29,100,614.486609
41,100,615.003726
35,100,615.499838
39,100,615.611863
36,100,616.109974
32,100,616.630139
43,100,617.222893
38,100,617.36705
33,100,617.903611
46,100,618.500162
35,100,619.088693
33,100,619.636514
39,100,619.769516
36,100,620.320928
39,100,620.846782
42,100,621.36244
35,100,621.882415
46,100,622.001223
34,100,622.535382
32,100,623.085356
39,100,623.624911
39,100,623.760764
41,100,624.295601
39,100,624.81112
52,100,625.328249
37,100,625.854222
38,100,625.977312
35,100,626.498186
42,100,627.044165
40,100,627.573143
32,100,627.691958
41,100,628.224539
43,100,628.746497
39,100,629.272539
38,100,629.793297
35,100,629.910442
43,100,630.448439
36,100,631.002406
29,100,631.540497
44,100,631.660365
34,100,632.18435
35,100,632.70832
39,100,633.225343
45,100,633.744263
41,100,633.860513
35,100,634.382241
39,100,634.901211
36,100,635.423769
44,100,635.942369
44,100,636.059987
36,100,636.578308
33,100,637.103693
31,100,637.627079
41,100,637.746075
41,100,638.262878
35,100,638.794993
38,100,639.313758
33,100,639.836551
43,100,639.955449
35,100,640.473955
49,100,640.991501
36,100,641.515481
34,100,641.63147
36,100,642.153872
41,100,642.680211
35,100,643.217813
39,100,643.741376
35,100,643.87236
44,100,644.417467
41,100,644.977593
38,100,645.505713
35,100,645.621739
36,100,646.199869
40,100,646.735989
30,100,647.244105
35,100,647.747219
35,100,647.861244
37,100,648.366359
42,100,648.875473
33,100,649.456609
34,100,649.980727
40,100,650.114757
36,100,650.65688
40,100,651.176997
40,100,651.696114
36,100,651.81214
44,100,652.34426
36,100,652.891384
41,100,653.396498
32,100,653.899611
32,100,654.013638
24,100,654.51575
42,100,655.079877
32,100,655.614998
37,100,655.740027
33,100,656.278147
33,100,656.790264
46,100,657.304379
37,100,657.811494
41,100,657.922518
41,100,658.420632
41,100,658.918744
46,100,659.443863
33,100,659.56389
36,100,660.096009
41,100,660.662137
35,100,661.179254
38,100,661.684368
37,100,661.798394
36,100,662.308508
40,100,662.832627
37,100,663.33174
41,100,663.830853
39,100,663.945879
38,100,664.448992
38,100,664.949105
34,100,665.452222
34,100,665.571249
45,100,666.100368
35,100,666.60148
34,100,667.100594
34,100,667.604707
32,100,667.721734
46,100,668.222847
33,100,668.742965
33,100,669.260082
40,100,669.38611
37,100,669.894225
35,100,670.392337
36,100,670.891449
42,100,671.390562
37,100,671.501587
47,100,672.0007
36,100,672.511815
44,100,673.027931
37,100,673.15696
37,100,673.673077
42,100,674.183192
32,100,674.695308
32,100,675.209424
38,100,675.337452
39,100,675.843566
39,100,676.34268
32,100,676.839792
44,100,677.334903
40,100,677.445928
35,100,677.944041
37,100,678.460157
43,100,678.979275
46,100,679.090299
35,100,679.590411
40,100,680.091526
41,100,680.587637
36,100,681.101753
43,100,681.230782
35,100,681.798911
47,100,682.305024
44,100,682.81414
39,100,682.937168
38,100,683.441281
28,100,683.962398
41,100,684.483517
44,100,684.986629
39,100,685.103656
33,100,685.664783
44,100,686.260922
37,100,686.812316
42,100,686.95132
42,100,687.51729
42,100,688.04827
36,100,688.607182
38,100,689.190212
45,100,689.323243
39,100,689.916626
32,100,690.503668
35,100,691.091125
40,100,691.649272
41,100,691.780301
41,100,692.329061
32,100,692.880051
35,100,693.418438
36,100,693.541006
45,100,694.077315
34,100,694.660365
48,100,695.215925
32,100,695.756332
38,100,695.886306
35,100,696.468288
35,100,697.008832
46,100,697.551222
37,100,697.697828
36,100,698.248457
43,100,698.805176
46,100,699.374135
44,100,699.931693
38,100,700.059107
37,100,700.616077
41,100,701.182662
40,100,701.744612
38,100,701.867606
38,100,702.417583
37,100,702.976554
43,100,703.538947
49,100,704.097501
40,100,704.22349
43,100,704.783463
37,100,705.313498
39,100,705.85662
41,100,706.434751
37,100,706.554778
41,100,707.0969
40,100,707.617018
47,100,708.121131
40,100,708.236157
36,100,708.740271
49,100,709.249386
44,100,709.7575
33,100,710.262614
41,100,710.380641
45,100,710.904759
35,100,711.419876
36,100,711.92499
35,100,712.041016
44,100,712.54713
37,100,713.075249
41,100,713.583364
34,100,714.089478
29,100,714.203503
37,100,714.724621
46,100,715.231736
26,100,715.736849
44,100,715.852876
39,100,716.352004
37,100,716.866121
39,100,717.409243
40,100,717.936362
40,100,718.053388
36,100,718.623516
42,100,719.215139
28,100,719.768268
37,100,720.288385
33,100,720.405412
31,100,720.962547
44,100,721.503675
37,100,722.093809
42,100,722.250844
31,100,722.830976
45,100,723.405105
39,100,723.944227
38,100,724.515356
37,100,724.644385
43,100,725.208513
36,100,725.772639
40,100,726.338768
35,100,726.4798
33,100,727.061936
36,100,727.60006
39,100,728.163187
35,100,728.736316
41,100,728.886351
41,100,729.497498
39,100,730.066953
35,100,730.640081
42,100,730.773112
39,100,731.300231
45,100,731.814347
40,100,732.332464
36,100,732.85158
41,100,732.969607
39,100,733.51173
38,100,734.048851
38,100,734.57797
45,100,735.11309
44,100,735.248121
37,100,735.77324
37,100,736.316363
43,100,736.842481
35,100,736.97151
37,100,737.489627
39,100,738.032749
37,100,738.548866
40,100,739.091989
37,100,739.22802
34,100,739.780144
38,100,740.299261
37,100,740.842393
33,100,740.963421
39,100,741.483538
36,100,742.011657
43,100,742.544778
42,100,743.073897
39,100,743.183922
40,100,743.708039
36,100,744.261672
39,100,744.781789
52,100,744.893814
34,100,745.40893
44,100,745.911044
32,100,746.441162
31,100,747.030296
34,100,747.158325
45,100,747.730454
51,100,748.28858
38,100,748.870247
44,100,749.4554
36,100,749.585429
46,100,750.136558
32,100,750.67368
42,100,751.254822
35,100,751.378853
29,100,751.966995
37,100,752.544638
47,100,753.125805
39,100,753.697934
36,100,753.832965
32,100,754.38909
38,100,754.916209
33,100,755.414322
35,100,755.525347
37,100,756.041463
48,100,756.539576
44,100,757.04769
38,100,757.560806
34,100,757.677832
36,100,758.194949
36,100,758.725067
42,100,759.230183
36,100,759.340207
40,100,759.852323
37,100,760.355437
40,100,760.861551
35,100,761.359663
41,100,761.470688
50,100,761.975801
45,100,762.477915
39,100,762.984029
39,100,763.483142
45,100,763.598168
34,100,764.099281
42,100,764.634402
37,100,765.184526
42,100,765.311559
44,100,765.845101
43,100,766.349215
40,100,766.867332
47,100,767.446461
38,100,767.576491
39,100,768.146629
35,100,768.664747
41,100,769.195866
39,100,769.333897
39,100,769.882021
35,100,770.391136
30,100,770.892249
39,100,771.406368
40,100,771.523395
40,100,772.036511
39,100,772.544626
41,100,773.05174
35,100,773.169767
41,100,773.67088
38,100,774.177995
37,100,774.706112
34,100,775.216228
40,100,775.332255
46,100,775.84337
37,100,776.361486
41,100,776.872602
44,100,777.374714
42,100,777.487741
35,100,777.988854
38,100,778.483966
40,100,778.983078
37,100,779.100105
37,100,779.615221
39,100,780.133338
42,100,780.650454
42,100,781.16557
41,100,781.276596
38,100,781.78371
36,100,782.283823
32,100,782.790938
36,100,782.901963
31,100,783.404075
37,100,783.904189
40,100,784.413304
44,100,784.940423
24,100,785.055448
42,100,785.556561
39,100,786.090682
33,100,786.608799
40,100,786.719824
41,100,787.236941
32,100,787.744056
41,100,788.250169
42,100,788.751281
41,100,788.864307
41,100,789.371423
38,100,789.874536
35,100,790.386652
37,100,790.910769
39,100,791.022795
34,100,791.524909
36,100,792.024021
43,100,792.523134
41,100,792.64116
43,100,793.165278
44,100,793.674394
45,100,794.174506
37,100,794.671618
36,100,794.783644
42,100,795.306786
41,100,795.822902
42,100,796.324015
39,100,796.436041
38,100,796.940155
38,100,797.442268
35,100,797.944381
48,100,798.444494
45,100,798.55852
34,100,799.072636
38,100,799.595753
35,100,800.098867
34,100,800.221897
41,100,800.728009
42,100,801.227122
41,100,801.727235
33,100,802.229348
36,100,802.341373
35,100,802.845487
36,100,803.343599
36,100,803.845712
39,100,804.343825
38,100,804.459852
43,100,804.964965
33,100,805.466079
27,100,805.968191
43,100,806.080217
42,100,806.609337
40,100,807.158461
40,100,807.679577
36,100,808.184692
39,100,808.297718
41,100,808.805831
40,100,809.307945
42,100,809.813059
37,100,809.926085
46,100,810.430198
49,100,810.935313
35,100,811.438425
33,100,811.940539
33,100,812.050564
42,100,812.557678
34,100,813.062793
44,100,813.566906
35,100,813.678932
36,100,814.184046
49,100,814.695161
41,100,815.195274
44,100,815.694386
41,100,815.804411
36,100,816.308524
40,100,816.808638
43,100,817.30475
38,100,817.800861
40,100,817.912886
39,100,818.441005
32,100,818.959123
34,100,819.466237
39,100,819.577263
39,100,820.107382
46,100,820.641502
33,100,821.219633
37,100,821.743751
27,100,821.864779
39,100,822.395899
35,100,822.921017
34,100,823.426131
45,100,823.538156
34,100,824.060274
43,100,824.629415
33,100,825.167536
39,100,825.684653
43,100,825.80468
40,100,826.318796
46,100,826.838913
39,100,827.352028
40,100,827.464055
34,100,827.969168
37,100,828.474283
44,100,829.016441
30,100,829.607575
47,100,829.753607
36,100,830.297899
39,100,830.84613
36,100,831.389442
26,100,831.922398
38,100,832.051394
33,100,832.593316
40,100,833.15235
35,100,833.693314
43,100,833.814692
40,100,834.368708
39,100,834.910677
36,100,835.449338
38,100,836.028208
38,100,836.158198
42,100,836.689179
38,100,837.23417
40,100,837.811122
39,100,837.939118
39,100,838.513698
43,100,839.089084
33,100,839.76406
33,100,840.403052
36,100,840.540994
39,100,841.138981
39,100,841.738688
41,100,842.333914
32,100,842.488908
35,100,843.115895
47,100,843.731082
47,100,844.31023
42,100,844.926232
38,100,845.091223
35,100,845.747806
44,100,846.320587
45,100,846.918581
36,100,847.551185
45,100,847.697249
39,100,848.29206
40,100,848.858037
37,100,849.435991
37,100,849.578302
43,100,850.12549
37,100,850.685508
39,100,851.23959
43,100,851.809038
45,100,851.952667
38,100,852.508845
45,100,853.050398
38,100,853.629378
27,100,853.762374
49,100,854.355756
36,100,854.924792
35,100,855.491304
38,100,856.033263
37,100,856.168044
41,100,856.724284
33,100,857.283985
38,100,857.883161
41,100,858.015157
39,100,858.602878
38,100,859.195915
27,100,859.768645
40,100,860.296976
35,100,860.420048
38,100,861.015015
37,100,861.57117
44,100,862.140961
37,100,862.731031
43,100,862.862926
44,100,863.418902
38,100,863.982305
37,100,864.539843
34,100,864.674277
38,100,865.231233
38,100,865.801225
39,100,866.360756
42,100,866.947584
41,100,867.086154
35,100,867.664029
34,100,868.235106
40,100,868.802224
43,100,868.933059
39,100,869.502051
46,100,870.071005
46,100,870.645555
34,100,871.220955
33,100,871.351035
31,100,871.918534
32,100,872.474475
43,100,873.042447
41,100,873.177453
43,100,873.741827
45,100,874.297804
38,100,874.855923
46,100,875.417343
42,100,875.55835
49,100,876.117301
47,100,876.662276
36,100,877.215261
35,100,877.746225
38,100,877.864209
44,100,878.394191
43,100,878.92058
43,100,879.445145
35,100,879.563146
41,100,880.094108
44,100,880.638069
41,100,881.20506
37,100,881.741039
37,100,881.85903
33,100,882.387997
36,100,882.920973
41,100,883.446451
38,100,883.563943
39,100,884.126912
38,100,884.694897
39,100,885.260863
38,100,885.800253
30,100,885.917248
39,100,886.513808
37,100,887.1522
37,100,887.750163
33,100,887.898163
38,100,888.468718
40,100,889.007695
30,100,889.549673
38,100,890.09305
44,100,890.211063
47,100,890.747141
41,100,891.284103
42,100,891.840995
36,100,892.387557
40,100,892.517941
39,100,893.081491
33,100,893.658463
37,100,894.267874
34,100,894.397112
34,100,894.9794
35,100,895.548553
41,100,896.142358
33,100,896.70894
41,100,896.863315
36,100,897.449283
47,100,898.021249
46,100,898.548655
38,100,898.666656
36,100,899.250193
35,100,899.848188
35,100,900.432211
42,100,901.03619
42,100,901.165132
44,100,901.757004
40,100,902.359052
33,100,902.973014
45,100,903.094016
40,100,903.64399
42,100,904.181969
38,100,904.712934
28,100,905.240934
33,100,905.357904
42,100,905.906872
33,100,906.47185
40,100,907.073821
34,100,907.631214
36,100,907.761348
46,100,908.332767
29,100,908.891148
34,100,909.459151
34,100,909.60173
39,100,910.214087
35,100,910.810067
38,100,911.41117
39,100,912.021344
40,100,912.161998
46,100,912.724982
31,100,913.334532
38,100,913.93912
41,100,914.093168
42,100,914.689885
43,100,915.29287
36,100,915.901399
42,100,916.492519
40,100,916.621369
33,100,917.200343
38,100,917.773994
37,100,918.361297
48,100,918.504063
38,100,919.12644
42,100,919.68223
39,100,920.253198
45,100,920.863159
44,100,921.007384
37,100,921.551131
41,100,922.087113
41,100,922.61908
42,100,923.198055
39,100,923.330479
40,100,923.939016
36,100,924.503009
40,100,925.047395
39,100,925.185383
41,100,925.772931
43,100,926.330914
41,100,926.897306
37,100,927.4535
34,100,927.584838
39,100,928.147244
44,100,928.708209
34,100,929.263185
37,100,929.394396
32,100,929.955164
41,100,930.512124
47,100,931.066689
38,100,931.621071
40,100,931.749665
44,100,932.314614
44,100,932.870007
34,100,933.432978
38,100,933.573158
32,100,934.15861
42,100,934.765527
39,100,935.344904
33,100,935.955973
42,100,936.103452
40,100,936.659529
30,100,937.193378
41,100,937.706374
38,100,938.221754
35,100,938.338758
43,100,938.857305
39,100,939.413291
37,100,939.951336
39,100,940.081364
37,100,940.691298
41,100,941.250424
45,100,941.819553
35,100,942.330668
34,100,942.460697
41,100,943.038828
34,100,943.581951
36,100,944.196474
37,100,944.344044
40,100,944.908435
36,100,945.489993
42,100,946.043927
48,100,946.60093
41,100,946.731925
40,100,947.268902
44,100,947.785881
40,100,948.30085
35,100,948.419846
45,100,948.936821
35,100,949.4598
37,100,949.981767
44,100,950.508743
46,100,950.634749
42,100,951.164134
41,100,951.679691
35,100,952.221665
40,100,952.743662
45,100,952.872635
44,100,953.389605
39,100,953.927592
27,100,954.44098
36,100,954.565977
45,100,955.108002
37,100,955.632925
34,100,956.148897
37,100,956.67454
34,100,956.796875
44,100,957.313425
31,100,957.827915
38,100,958.348367
47,100,958.468795
39,100,958.985344
40,100,959.501318
38,100,960.013294
37,100,960.534296
37,100,960.650264
39,100,961.170234
38,100,961.681219
47,100,962.196197
39,100,962.313603
41,100,962.82516
43,100,963.339129
34,100,963.855108
40,100,964.376095
41,100,964.497082
33,100,965.02805
37,100,965.552027
40,100,966.072001
41,100,966.611503
33,100,966.746979
40,100,967.271951
42,100,967.793954
44,100,968.315317
41,100,968.430899
35,100,968.954867
37,100,969.471843
35,100,969.993812
31,100,970.508219
35,100,970.625325
40,100,971.147768
39,100,971.665157
44,100,972.18113
43,100,972.296713
35,100,972.81622
42,100,973.326665
45,100,973.854057
37,100,974.367275
49,100,974.483024
33,100,974.999586
38,100,975.528966
43,100,976.043948
34,100,976.159518
43,100,976.67492
35,100,977.184483
40,100,977.697875
36,100,978.210846
38,100,978.328419
38,100,978.844819
38,100,979.355342
40,100,979.866353
48,100,980.375077
38,100,980.49527
30,100,981.007303
40,100,981.51827
33,100,982.029246
36,100,982.145177
32,100,982.68622
36,100,983.223189
37,100,983.742162
44,100,984.25716
38,100,984.374102
41,100,984.892104
42,100,985.405082
35,100,985.929059
26,100,986.048149
39,100,986.575029
44,100,987.089
39,100,987.601401
36,100,988.111968
35,100,988.226955
40,100,988.739923
42,100,989.249899
40,100,989.760876
40,100,989.875869
32,100,990.384808
40,100,990.896828
41,100,991.407797
40,100,991.918901
50,100,992.03577
47,100,992.550742
44,100,993.063719
29,100,993.574702
40,100,994.086673
48,100,994.203661
35,100,994.727061
35,100,995.236614
42,100,995.747026
35,100,995.867008
40,100,996.378977
42,100,996.888954
37,100,997.402508
32,100,997.914922
34,100,998.0319
42,100,998.570874
32,100,999.100434
47,100,999.611402
36,100,999.728816
42,100,1000.247799
41,100,1000.760345
47,100,1001.27109
37,100,1001.784313
39,100,1001.901292
35,100,1002.415275
43,100,1002.930247
49,100,1003.443223
32,100,1003.561635
43,100,1004.075191
38,100,1004.587164
41,100,1005.105165
44,100,1005.619115
40,100,1005.738112
44,100,1006.254106
34,100,1006.763062
39,100,1007.27405
37,100,1007.783011
37,100,1007.900011
39,100,1008.410994
41,100,1008.920972
46,100,1009.431944
39,100,1009.550929
34,100,1010.068903
40,100,1010.575879
40,100,1011.08686
44,100,1011.596438
32,100,1011.71435
27,100,1012.226227
41,100,1012.737796
45,100,1013.265174
41,100,1013.381164
36,100,1013.898729
40,100,1014.425708
38,100,1014.955095
39,100,1015.466649
41,100,1015.583062
37,100,1016.101617
38,100,1016.613012
33,100,1017.126992
43,100,1017.242563
37,100,1017.756082
38,100,1018.267532
38,100,1018.781487
38,100,1019.291474
36,100,1019.40788
41,100,1019.92583
43,100,1020.435837
38,100,1020.950342
42,100,1021.461079
38,100,1021.578358
39,100,1022.096334
31,100,1022.612305
37,100,1023.128449
33,100,1023.244279
36,100,1023.762251
45,100,1024.274227
45,100,1024.788156
40,100,1025.299186
34,100,1025.416176
40,100,1025.93115
42,100,1026.442123
34,100,1026.952107
47,100,1027.070092
37,100,1027.587073
37,100,1028.098043
37,100,1028.614033
40,100,1029.124926
34,100,1029.240988
44,100,1029.757972
44,100,1030.27595
39,100,1030.814919
50,100,1030.931914
45,100,1031.443884
36,100,1031.95541
37,100,1032.469834
37,100,1032.981747
33,100,1033.101344
37,100,1033.61579
42,100,1034.13031
33,100,1034.642155
40,100,1035.153815
45,100,1035.271707
52,100,1035.791684
35,100,1036.305078
40,100,1036.817044
38,100,1036.933629
45,100,1037.449527
47,100,1037.962106
40,100,1038.475971
37,100,1038.987692
44,100,1039.104538
44,100,1039.618497
46,100,1040.132469
45,100,1040.645871
40,100,1040.764875
44,100,1041.280421
34,100,1041.792923
41,100,1042.305391
34,100,1042.820355
42,100,1042.936758
34,100,1043.471316
32,100,1043.986295
44,100,1044.497309
45,100,1044.614269
37,100,1045.124249
42,100,1045.635165
35,100,1046.149188
35,100,1046.687182
48,100,1046.811667
46,100,1047.324135
35,100,1047.837118
38,100,1048.349082
37,100,1048.860064
44,100,1048.977056
35,100,1049.494033
42,100,1050.005007
37,100,1050.516978
33,100,1050.632972
44,100,1051.149956
48,100,1051.657925
36,100,1052.169899
36,100,1052.68201
36,100,1052.800869
37,100,1053.316852
38,100,1053.82882
39,100,1054.341792
45,100,1054.45879
42,100,1054.971776
47,100,1055.485282
31,100,1055.995732
39,100,1056.509109
39,100,1056.625104
41,100,1057.1391
38,100,1057.648635
27,100,1058.163615
37,100,1058.282612
42,100,1058.797008
42,100,1059.31198
41,100,1059.826951
37,100,1060.364516
35,100,1060.491071
39,100,1061.025192
38,100,1061.599321
40,100,1062.139443
36,100,1062.676564
38,100,1062.799592
42,100,1063.310707
43,100,1063.822823
36,100,1064.321935
47,100,1064.438962
39,100,1064.948077
43,100,1065.44919
43,100,1065.947302
33,100,1066.449415
34,100,1066.560441
38,100,1067.072556
46,100,1067.57767
36,100,1068.081784
35,100,1068.193809
34,100,1068.725929
42,100,1069.250047
28,100,1069.764164
40,100,1070.27928
40,100,1070.390305
42,100,1070.891418
39,100,1071.419537
37,100,1071.932653
34,100,1072.044678
36,100,1072.553793
32,100,1073.077912
36,100,1073.593028
40,100,1074.111144
32,100,1074.222169
33,100,1074.725283
39,100,1075.220395
44,100,1075.759516
38,100,1076.279634
35,100,1076.390659
42,100,1076.895773
42,100,1077.393885
39,100,1077.901
52,100,1078.016026
34,100,1078.570151
35,100,1079.115274
39,100,1079.644393
38,100,1080.153508
30,100,1080.281537
34,100,1080.810656
36,100,1081.386788
39,100,1081.972918
39,100,1082.096946
36,100,1082.604061
33,100,1083.100173
39,100,1083.597285
45,100,1084.093397
38,100,1084.204422
38,100,1084.701534
44,100,1085.196646
47,100,1085.693263
38,100,1085.805288
37,100,1086.3024
43,100,1086.797512
33,100,1087.298625
32,100,1087.799738
38,100,1087.910764
49,100,1088.408876
44,100,1088.904988
30,100,1089.4021
41,100,1089.900213
40,100,1090.011238
45,100,1090.515352
35,100,1091.012464
36,100,1091.509576
49,100,1091.621601
40,100,1092.120713
44,100,1092.617826
37,100,1093.115938
40,100,1093.633055
40,100,1093.74408
42,100,1094.253195
34,100,1094.778314
30,100,1095.276426
40,100,1095.386451
34,100,1095.886563
39,100,1096.389677
37,100,1096.89179
37,100,1097.387903
38,100,1097.499928
40,100,1098.00004
37,100,1098.498153
32,100,1098.995265
33,100,1099.10529
43,100,1099.601402
40,100,1100.095513
39,100,1100.593626
41,100,1101.088737
40,100,1101.200763
45,100,1101.699875
43,100,1102.196988
41,100,1102.691099
43,100,1103.18521
42,100,1103.296235
36,100,1103.793347
36,100,1104.29146
39,100,1104.808577
42,100,1104.919602
43,100,1105.418714
35,100,1105.915826
38,100,1106.413939
38,100,1106.911051
39,100,1107.022076
39,100,1107.523189
37,100,1108.021302
48,100,1108.518414
37,100,1108.627438
38,100,1109.127551
46,100,1109.626664
42,100,1110.128777
43,100,1110.651896
39,100,1110.769922
42,100,1111.270034
42,100,1111.766146
38,100,1112.261258
46,100,1112.371284
48,100,1112.871396
40,100,1113.369508
36,100,1113.86562
38,100,1114.363733
48,100,1114.475759
53,100,1114.977872
33,100,1115.474983
43,100,1115.972095
36,100,1116.467207
45,100,1116.579233
46,100,1117.078345
36,100,1117.575458
39,100,1118.07357
37,100,1118.182595
40,100,1118.681707
33,100,1119.178819
35,100,1119.676932
32,100,1120.173044
43,100,1120.284069
43,100,1120.784182
39,100,1121.280294
43,100,1121.776406
37,100,1121.88543
44,100,1122.384543
40,100,1122.881655
39,100,1123.378767
31,100,1123.873879
46,100,1123.984904
40,100,1124.484017
37,100,1124.979129
45,100,1125.47524
49,100,1125.585265
39,100,1126.084378
46,100,1126.606496
53,100,1127.11461
32,100,1127.609722
41,100,1127.719746
36,100,1128.21886
36,100,1128.714972
41,100,1129.209083
38,100,1129.707195
37,100,1129.81922
36,100,1130.319333
30,100,1130.820447
34,100,1131.318559
36,100,1131.428583
35,100,1131.926696
37,100,1132.423808
37,100,1132.921921
33,100,1133.417032
41,100,1133.529058
32,100,1134.029171
52,100,1134.526283
46,100,1135.025395
34,100,1135.13642
37,100,1135.636534
45,100,1136.137646
42,100,1136.649762
41,100,1137.145874
37,100,1137.255899
36,100,1137.756012
39,100,1138.252123
30,100,1138.747236
39,100,1138.860261
40,100,1139.356373
42,100,1139.851485
41,100,1140.346596
39,100,1140.845709
38,100,1140.956734
35,100,1141.456847
43,100,1141.953959
34,100,1142.470076
39,100,1142.991193
38,100,1143.103218
46,100,1143.607332
37,100,1144.103444
40,100,1144.600555
44,100,1144.71158
34,100,1145.209694
37,100,1145.706806
43,100,1146.203918
38,100,1146.698029
46,100,1146.809055
39,100,1147.308167
48,100,1147.804279
40,100,1148.301391
31,100,1148.412416
42,100,1148.912529
39,100,1149.408641
35,100,1149.909754
37,100,1150.409867
34,100,1150.520892
45,100,1151.023005
39,100,1151.519118
39,100,1152.01723
44,100,1152.130255
39,100,1152.626367
36,100,1153.122479
41,100,1153.619591
35,100,1154.118704
40,100,1154.230729
37,100,1154.730842
48,100,1155.225954
44,100,1155.722066
39,100,1156.218177
38,100,1156.328202
43,100,1156.833317
39,100,1157.331429
40,100,1157.82654
41,100,1157.937565
43,100,1158.467367
34,100,1158.993228
44,100,1159.493722
43,100,1159.993209
28,100,1160.106181
42,100,1160.613122
46,100,1161.112125
41,100,1161.616688
35,100,1161.728678
34,100,1162.237111
50,100,1162.742055
38,100,1163.244027
43,100,1163.745038
48,100,1163.855588
46,100,1164.355427
39,100,1164.855655
38,100,1165.354863
44,100,1165.467948
40,100,1165.969475
44,100,1166.473651
31,100,1166.992851
42,100,1167.493999
43,100,1167.604371
40,100,1168.108455
55,100,1168.607351
29,100,1169.108751
42,100,1169.608303
44,100,1169.723638
41,100,1170.227904
31,100,1170.728249
43,100,1171.228303
41,100,1171.340328
41,100,1171.842442
38,100,1172.343555
42,100,1172.842668
46,100,1173.338779
38,100,1173.452805
38,100,1173.954919
31,100,1174.474034
34,100,1174.990152
40,100,1175.101177
40,100,1175.60029
44,100,1176.099402
40,100,1176.594514
37,100,1177.092626
33,100,1177.202651
36,100,1177.700763
43,100,1178.196875
40,100,1178.690987
37,100,1178.802012
37,100,1179.298124
43,100,1179.797237
35,100,1180.295349
44,100,1180.790461
47,100,1180.903487
48,100,1181.404599
36,100,1181.900711
46,100,1182.395823
34,100,1182.891934
34,100,1183.00296
39,100,1183.503073
40,100,1184.000185
37,100,1184.497297
39,100,1184.608323
46,100,1185.107435
34,100,1185.603547
40,100,1186.101659
44,100,1186.59677
49,100,1186.708797
48,100,1187.212911
37,100,1187.713023
36,100,1188.212136
44,100,1188.323161
33,100,1188.823273
37,100,1189.321385
44,100,1189.824499
35,100,1190.332614
38,100,1190.457643
35,100,1190.981761
44,100,1191.480873
36,100,1191.977985
38,100,1192.089009
44,100,1192.585123
43,100,1193.081234
50,100,1193.578345
45,100,1194.072458
39,100,1194.184483
44,100,1194.681596
39,100,1195.177707
35,100,1195.672819
43,100,1196.170933
44,100,1196.281959
39,100,1196.778071
44,100,1197.290187
45,100,1197.788299
36,100,1197.898324
47,100,1198.398437
38,100,1198.893549
42,100,1199.39166
40,100,1199.886773
38,100,1199.996797
30,100,1200.49491
38,100,1200.993022
46,100,1201.490134
40,100,1201.60116
41,100,1202.101272
36,100,1202.597384
45,100,1203.094496
38,100,1203.591609
41,100,1203.702634
38,100,1204.203747
46,100,1204.70186
36,100,1205.199972
41,100,1205.309997
37,100,1205.808109
43,100,1206.314223
35,100,1206.835341
45,100,1207.332453
47,100,1207.444479
43,100,1207.949592
37,100,1208.447704
36,100,1208.946817
38,100,1209.441929
47,100,1209.554954
32,100,1210.061069
38,100,1210.559181
43,100,1211.054293
33,100,1211.165318
40,100,1211.66243
38,100,1212.157542
34,100,1212.653653
37,100,1213.147765
46,100,1213.25879
45,100,1213.757903
41,100,1214.255015
45,100,1214.753127
36,100,1214.863152
38,100,1215.360264
39,100,1215.857376
43,100,1216.352488
36,100,1216.8476
37,100,1216.958625
43,100,1217.46674
42,100,1217.964852
47,100,1218.461964
40,100,1218.572989
35,100,1219.070101
43,100,1219.568214
43,100,1220.064326
39,100,1220.560437
42,100,1220.672463
35,100,1221.171575
36,100,1221.664687
43,100,1222.162799
35,100,1222.697919
38,100,1222.814947
37,100,1223.315059
36,100,1223.813172
39,100,1224.313285
42,100,1224.42431
34,100,1224.924423
39,100,1225.422535
45,100,1225.919647
37,100,1226.415759
37,100,1226.527785
37,100,1227.044901
34,100,1227.545014
32,100,1228.045126
45,100,1228.156152
37,100,1228.657265
35,100,1229.152377
38,100,1229.652489
43,100,1230.147601
32,100,1230.258626
35,100,1230.757739
39,100,1231.253851
40,100,1231.748962
31,100,1231.857987
30,100,1232.352098
41,100,1232.84521
40,100,1233.339322
37,100,1233.834433
44,100,1233.944458
32,100,1234.443571
33,100,1234.938682
38,100,1235.433794
29,100,1235.926905
38,100,1236.038931
40,100,1236.537043
39,100,1237.033155
44,100,1237.528267
35,100,1237.638291
41,100,1238.135404
36,100,1238.655521
38,100,1239.158635
47,100,1239.654746
36,100,1239.766772
33,100,1240.269886
42,100,1240.768998
36,100,1241.269111
43,100,1241.378135
40,100,1241.879249
44,100,1242.37536
33,100,1242.870472
39,100,1243.363583
37,100,1243.475609
37,100,1244.040735
36,100,1244.617867
41,100,1245.149987
35,100,1245.261011
39,100,1245.796132
33,100,1246.324251
32,100,1246.857372
40,100,1247.386492
36,100,1247.515521
41,100,1248.016633
42,100,1248.512746
35,100,1249.008857
33,100,1249.503968
35,100,1249.615994
37,100,1250.116107
42,100,1250.611219
44,100,1251.10533
37,100,1251.215355
40,100,1251.712467
44,100,1252.208579
35,100,1252.711693
34,100,1253.206805
40,100,1253.31783
38,100,1253.816942
37,100,1254.322056
34,100,1254.841173
37,100,1254.9542
42,100,1255.453311
41,100,1255.951424
40,100,1256.448537
38,100,1256.943648
44,100,1257.053672
54,100,1257.553785
29,100,1258.050898
42,100,1258.54901
40,100,1258.659035
37,100,1259.176152
40,100,1259.672263
41,100,1260.168375
33,100,1260.664488
41,100,1260.775512
42,100,1261.277626
38,100,1261.774738
42,100,1262.27085
51,100,1262.766961
34,100,1262.877987
39,100,1263.3771
32,100,1263.874212
41,100,1264.371324
45,100,1264.480349
38,100,1264.979461
44,100,1265.476573
43,100,1265.973685
43,100,1266.470798
36,100,1266.580822
34,100,1267.078935
41,100,1267.582047
43,100,1268.079161
44,100,1268.190186
40,100,1268.688298
44,100,1269.186411
32,100,1269.684523
44,100,1270.181635
41,100,1270.301662
32,100,1270.828781
41,100,1271.326893
38,100,1271.824006
41,100,1271.93403
34,100,1272.430142
38,100,1272.927254
37,100,1273.423367
37,100,1273.922479
37,100,1274.032504
42,100,1274.531616
41,100,1275.028729
41,100,1275.52384
40,100,1276.020952
37,100,1276.133978
41,100,1276.632091
39,100,1277.130203
38,100,1277.625315
38,100,1277.73634
48,100,1278.243454
40,100,1278.751569
42,100,1279.248681
32,100,1279.745793
41,100,1279.856818
39,100,1280.354931
41,100,1280.851043
36,100,1281.347155
43,100,1281.457179
39,100,1281.955292
41,100,1282.451404
43,100,1282.947515
43,100,1283.440627
38,100,1283.551652
43,100,1284.051765
39,100,1284.547877
36,100,1285.041989
46,100,1285.152013
34,100,1285.647125
36,100,1286.144237
41,100,1286.666355
41,100,1287.167468
43,100,1287.276492
31,100,1287.781607
34,100,1288.280719
49,100,1288.794835
38,100,1289.326955
45,100,1289.446983
47,100,1289.9721
34,100,1290.481216
39,100,1290.979328
42,100,1291.090353
44,100,1291.600468
38,100,1292.120586
43,100,1292.620698
41,100,1293.119811
36,100,1293.234837
39,100,1293.740952
37,100,1294.242064
36,100,1294.749179
40,100,1294.865205
35,100,1295.378321
33,100,1295.898438
28,100,1296.397551
41,100,1296.893663
46,100,1297.004688
37,100,1297.541809
35,100,1298.087933
41,100,1298.608049
36,100,1298.728077
40,100,1299.322219
32,100,1299.951116
36,100,1300.496083
46,100,1301.056045
37,100,1301.180046
43,100,1301.762024
39,100,1302.354999
35,100,1302.933961
33,100,1303.460361
40,100,1303.583357
39,100,1304.134902
34,100,1304.676381
35,100,1305.204272
43,100,1305.324853
40,100,1305.851257
42,100,1306.38623
38,100,1306.931191
44,100,1307.464767
45,100,1307.596735
40,100,1308.12814
35,100,1308.653119
41,100,1309.180081
38,100,1309.330087
36,100,1309.889651
37,100,1310.450027
41,100,1311.005008
36,100,1311.556971
38,100,1311.69856
38,100,1312.244952
32,100,1312.774911
43,100,1313.300898
43,100,1313.421883
45,100,1313.95044
38,100,1314.482962
44,100,1315.0414
43,100,1315.608382
47,100,1315.731724
41,100,1316.264327
42,100,1316.845747
36,100,1317.435292
35,100,1318.016246
42,100,1318.155245
30,100,1318.759644
37,100,1319.359222
40,100,1319.936155
35,100,1320.069161
38,100,1320.669122
36,100,1321.247107
36,100,1321.821065
46,100,1322.394464
38,100,1322.536056
40,100,1323.121023
37,100,1323.690986
40,100,1324.274374
42,100,1324.412206
37,100,1325.00092
43,100,1325.571326
45,100,1326.147865
40,100,1326.718834
37,100,1326.849241
37,100,1327.427793
41,100,1327.997267
40,100,1328.566154
31,100,1328.696147
37,100,1329.283151
42,100,1329.870683
42,100,1330.454097
45,100,1331.04805
40,100,1331.211034
39,100,1331.796008
36,100,1332.360561
37,100,1332.906947
44,100,1333.449617
47,100,1333.574929
44,100,1334.15393
35,100,1334.777859
39,100,1335.376833
41,100,1335.511381
36,100,1336.109813
36,100,1336.632319
33,100,1337.170336
46,100,1337.696725
36,100,1337.819718
45,100,1338.355271
45,100,1338.941985
41,100,1339.516239
42,100,1339.648235
37,100,1340.226188
46,100,1340.797591
42,100,1341.366547
36,100,1341.936113
39,100,1342.071116
38,100,1342.644077
34,100,1343.209449
43,100,1343.778021
31,100,1343.907008
42,100,1344.482985
39,100,1345.056966
45,100,1345.627359
30,100,1346.195312
37,100,1346.328314
44,100,1346.905299
37,100,1347.490847
35,100,1348.066813
49,100,1348.639204
32,100,1348.781197
37,100,1349.364185
46,100,1349.938732
40,100,1350.530113
38,100,1350.675117
29,100,1351.264089
35,100,1351.840063
35,100,1352.423278
44,100,1352.995595
31,100,1353.129005
34,100,1353.703969
46,100,1354.277935
39,100,1354.856912
38,100,1354.989905
37,100,1355.567458
41,100,1356.109852
44,100,1356.675396
40,100,1357.236372
42,100,1357.359385
41,100,1357.90976
41,100,1358.450732
40,100,1358.997291
49,100,1359.117283
36,100,1359.661283
46,100,1360.205227
41,100,1360.740772
40,100,1361.281369
44,100,1361.40517
43,100,1361.948659
29,100,1362.491121
38,100,1363.036092
38,100,1363.570088
42,100,1363.69107
45,100,1364.227039
38,100,1364.773019
41,100,1365.318999
42,100,1365.441984
41,100,1365.982965
41,100,1366.534941
45,100,1367.092331
37,100,1367.632886
40,100,1367.756866
44,100,1368.297265
45,100,1368.840817
43,100,1369.384216
37,100,1369.503337
33,100,1370.056175
35,100,1370.600156
39,100,1371.155711
33,100,1371.692507
35,100,1371.816687
43,100,1372.359651
33,100,1372.899061
31,100,1373.4376
42,100,1373.55959
37,100,1374.105566
38,100,1374.640977
36,100,1375.181546
35,100,1375.724069
36,100,1375.845901
42,100,1376.390879
50,100,1376.93289
40,100,1377.476831
46,100,1378.017391
34,100,1378.13881
32,100,1378.696392
31,100,1379.253324
48,100,1379.753721
42,100,1379.863293
30,100,1380.362281
44,100,1380.860242
43,100,1381.369219
49,100,1381.871277
40,100,1381.982191
37,100,1382.50418
45,100,1383.02414
36,100,1383.525122
43,100,1383.635112
41,100,1384.139091
36,100,1384.637065
46,100,1385.137044
50,100,1385.634027
43,100,1385.75702
31,100,1386.337416
43,100,1386.908961
38,100,1387.475356
44,100,1387.603938
40,100,1388.17534
35,100,1388.747876
39,100,1389.308841
43,100,1389.858995
42,100,1389.983085
38,100,1390.532211
38,100,1391.073183
39,100,1391.615157
42,100,1392.152129
41,100,1392.273703
45,100,1392.816673
38,100,1393.376093
36,100,1393.919623
41,100,1394.041627
36,100,1394.59001
37,100,1395.127574
37,100,1395.666543
46,100,1396.20952
39,100,1396.330511
31,100,1396.872484
49,100,1397.414467
44,100,1397.949865
37,100,1398.069426
36,100,1398.624151
40,100,1399.17294
34,100,1399.712927
33,100,1400.25532
48,100,1400.376252
37,100,1400.918291
35,100,1401.455289
39,100,1401.996244
33,100,1402.117229
44,100,1402.653634
40,100,1403.192198
39,100,1403.730152
37,100,1404.267138
37,100,1404.38512
40,100,1404.929101
42,100,1405.463077
39,100,1406.002063
47,100,1406.541039
41,100,1406.662013
41,100,1407.200994
39,100,1407.739973
39,100,1408.276948
41,100,1408.400376
38,100,1408.94341
25,100,1409.485304
46,100,1410.031281
42,100,1410.567879
37,100,1410.689842
41,100,1411.239238
31,100,1411.781344
43,100,1412.317177
37,100,1412.439158
39,100,1413.007135
35,100,1413.548114
36,100,1414.086102
46,100,1414.645485
41,100,1414.776648
39,100,1415.318604
41,100,1415.853583
32,100,1416.39298
38,100,1416.516965
36,100,1417.052525
42,100,1417.587921
35,100,1418.123014
37,100,1418.653866
36,100,1418.773389
44,100,1419.312841
41,100,1419.849392
35,100,1420.38236
37,100,1420.916333
41,100,1421.038333
38,100,1421.578306
38,100,1422.114284
37,100,1422.648255
45,100,1422.771265
35,100,1423.310955
39,100,1423.848202
37,100,1424.387187
43,100,1424.923566
42,100,1425.043145
37,100,1425.58212
41,100,1426.123099
37,100,1426.657092
40,100,1426.779066
38,100,1427.322034
40,100,1427.865005
38,100,1428.429976
49,100,1428.970379
37,100,1429.092954
41,100,1429.636949
39,100,1430.185913
43,100,1430.745328
39,100,1430.870867
43,100,1431.428843
43,100,1431.972812
42,100,1432.509788
41,100,1433.050767
42,100,1433.171777
41,100,1433.717734
45,100,1434.25712
44,100,1434.795091
37,100,1435.331191
36,100,1435.452235
35,100,1435.996632
43,100,1436.535009
40,100,1437.071992
40,100,1437.195984
33,100,1437.738537
36,100,1438.273509
35,100,1438.807901
46,100,1439.349572
41,100,1439.468872
45,100,1440.013437
41,100,1440.554824
34,100,1441.092378
40,100,1441.212794
38,100,1441.752775
38,100,1442.289316
39,100,1442.827253
44,100,1443.369687
46,100,1443.489704
46,100,1444.032241
41,100,1444.572223
40,100,1445.132188
34,100,1445.2532
37,100,1445.794151
39,100,1446.342132
32,100,1446.895099
42,100,1447.436073
47,100,1447.558067
45,100,1448.107043
44,100,1448.646036
35,100,1449.189987
37,100,1449.762393
43,100,1449.882958
34,100,1450.428346
43,100,1450.971333
37,100,1451.509972
39,100,1451.630876
50,100,1452.176272
38,100,1452.716246
31,100,1453.25521
43,100,1453.793792
40,100,1453.917765
35,100,1454.457742
38,100,1454.997716
41,100,1455.533136
36,100,1455.651718
32,100,1456.191072
43,100,1456.724061
43,100,1457.257626
36,100,1457.793997
45,100,1457.912574
41,100,1458.451979
31,100,1458.98653
42,100,1459.521509
40,100,1459.639691
45,100,1460.177988
46,100,1460.716861
43,100,1461.257411
34,100,1461.797323
39,100,1461.91881
41,100,1462.476775
43,100,1463.025335
31,100,1463.563249
42,100,1464.103396
42,100,1464.227277
39,100,1464.771255
43,100,1465.30923
44,100,1465.846191
43,100,1465.965194
44,100,1466.513186
37,100,1467.055139
45,100,1467.594118
41,100,1468.133103
39,100,1468.25308
38,100,1468.797065
34,100,1469.33403
42,100,1469.876005
36,100,1469.996996
43,100,1470.537977
37,100,1471.133007
40,100,1471.676926
47,100,1472.220638
37,100,1472.340886
36,100,1472.884861
33,100,1473.41726
41,100,1473.95883
35,100,1474.079249
39,100,1474.617203
43,100,1475.152183
47,100,1475.690733
42,100,1476.230216
39,100,1476.352528
38,100,1476.892751
37,100,1477.435069
40,100,1477.97605
39,100,1478.524035
36,100,1478.656005
34,100,1479.210996
43,100,1479.75053
42,100,1480.293147
38,100,1480.418931
35,100,1480.964482
47,100,1481.505869
40,100,1482.046957
45,100,1482.584823
41,100,1482.705392
40,100,1483.252808
38,100,1483.795342
41,100,1484.340315
55,100,1484.459256
41,100,1485.006287
38,100,1485.546679
39,100,1486.088233
37,100,1486.626673
33,100,1486.747181
37,100,1487.288601
41,100,1487.830158
41,100,1488.371489
35,100,1488.489186
41,100,1489.031773
50,100,1489.572096
41,100,1490.116045
25,100,1490.655016
38,100,1490.774431
38,100,1491.314991
42,100,1491.849958
42,100,1492.383181
40,100,1492.939903
35,100,1493.061326
44,100,1493.600875
37,100,1494.137116
40,100,1494.697244
41,100,1494.822297
45,100,1495.363789
37,100,1495.900766
36,100,1496.444163
41,100,1496.982713
44,100,1497.106273
37,100,1497.647106
33,100,1498.187071
40,100,1498.720637
35,100,1498.843637
41,100,1499.385602
47,100,1499.922999
38,100,1500.461063
33,100,1501.003735
45,100,1501.12494
44,100,1501.668909
46,100,1502.206464
31,100,1502.747862
38,100,1502.868434
41,100,1503.406882
33,100,1503.945386
49,100,1504.485354
46,100,1505.027313
33,100,1505.149338
37,100,1505.746297
41,100,1506.316713
44,100,1506.909173
37,100,1507.454217
41,100,1507.584629
40,100,1508.144184
35,100,1508.735183
38,100,1509.343659
38,100,1509.488516
41,100,1510.098096
35,100,1510.692147
42,100,1511.25603
43,100,1511.833182
35,100,1511.959998
41,100,1512.509976
37,100,1513.05437
44,100,1513.59592
44,100,1513.72192
36,100,1514.279888
32,100,1514.835276
33,100,1515.383253
35,100,1515.92499
37,100,1516.048245
36,100,1516.605196
42,100,1517.154174
45,100,1517.701144
40,100,1517.830135
36,100,1518.381711
39,100,1518.951087
33,100,1519.522063
39,100,1520.076611
40,100,1520.201027
43,100,1520.758006
38,100,1521.307624
32,100,1521.847532
40,100,1522.385499
35,100,1522.51651
41,100,1523.060889
37,100,1523.607971
34,100,1524.148664
41,100,1524.30332
42,100,1524.8903
33,100,1525.447782
40,100,1525.996329
36,100,1526.542304
42,100,1526.676713
37,100,1527.286689
43,100,1527.839258
32,100,1528.389216
36,100,1528.513303
32,100,1529.108624
46,100,1529.660151
38,100,1530.250125
41,100,1530.808523
49,100,1530.935127
37,100,1531.478458
42,100,1532.015042
31,100,1532.557018
36,100,1532.685006
45,100,1533.233994
38,100,1533.794254
39,100,1534.352202
35,100,1534.901325
41,100,1535.022364
42,100,1535.577455
41,100,1536.124278
48,100,1536.672239
55,100,1537.222159
46,100,1537.344095
46,100,1537.889199
41,100,1538.425347
45,100,1538.980152
39,100,1539.119715
38,100,1539.688673
47,100,1540.269082
39,100,1540.832255
38,100,1541.382577
43,100,1541.521785
46,100,1542.068981
37,100,1542.636958
49,100,1543.188931
41,100,1543.309717
36,100,1543.8599
38,100,1544.400449
38,100,1544.946469
43,100,1545.48783
46,100,1545.613828
34,100,1546.161385
36,100,1546.705338
40,100,1547.245315
38,100,1547.372039
41,100,1547.928699
41,100,1548.472505
40,100,1549.017646
39,100,1549.557208
34,100,1549.678203
36,100,1550.220591
47,100,1550.766188
38,100,1551.344126
39,100,1551.920758
38,100,1552.06111
42,100,1552.63101
52,100,1553.180032
34,100,1553.740019
38,100,1553.877037
40,100,1554.472134
42,100,1555.082955
37,100,1555.698935
39,100,1556.317322
37,100,1556.45588
42,100,1557.015864
41,100,1557.565243
36,100,1558.117359
39,100,1558.253215
42,100,1558.855835
51,100,1559.438159
39,100,1560.010507
46,100,1560.585244
41,100,1560.718101
35,100,1561.296501
37,100,1561.865057
40,100,1562.43561
44,100,1562.570601
42,100,1563.14058
35,100,1563.701971
37,100,1564.281529
46,100,1564.87658
42,100,1565.016468
35,100,1565.585869
42,100,1566.14223
42,100,1566.691426
34,100,1567.259847
33,100,1567.391365
41,100,1567.976745
41,100,1568.545309
36,100,1569.109616
35,100,1569.246699
43,100,1569.816219
37,100,1570.38031
36,100,1570.95122
36,100,1571.512478
37,100,1571.641168
42,100,1572.209553
43,100,1572.777528
37,100,1573.349084
44,100,1573.470063
41,100,1574.01404
41,100,1574.568433
40,100,1575.118982
35,100,1575.65597
44,100,1575.784965
39,100,1576.327422
34,100,1576.862908
37,100,1577.402879
42,100,1577.523875
36,100,1578.06129
41,100,1578.597824
39,100,1579.136793
45,100,1579.671799
44,100,1579.790605
41,100,1580.357159
38,100,1580.946645
40,100,1581.511105
41,100,1582.053103
45,100,1582.175695
48,100,1582.735658
40,100,1583.293609
41,100,1583.831999
47,100,1583.951472
43,100,1584.501959
42,100,1585.063547
37,100,1585.627907
40,100,1586.191913
36,100,1586.328886
44,100,1586.889843
44,100,1587.437416
36,100,1588.004383
36,100,1588.146394
34,100,1588.720754
41,100,1589.300062
45,100,1589.913389
36,100,1590.492269
43,100,1590.643268
37,100,1591.231234
45,100,1591.791636
38,100,1592.349185
38,100,1592.47218
48,100,1593.035146
40,100,1593.597112
35,100,1594.156078
45,100,1594.696057
33,100,1594.822049
40,100,1595.381054
41,100,1595.943014
45,100,1596.532975
49,100,1597.088023
35,100,1597.218949
36,100,1597.81632
41,100,1598.404308
37,100,1599.001862
39,100,1599.14029
41,100,1599.723232
44,100,1600.327782
37,100,1600.940174
36,100,1601.452236
42,100,1601.566262
39,100,1602.076377
37,100,1602.595494
34,100,1603.114611
44,100,1603.234638
41,100,1603.748754
48,100,1604.248867
40,100,1604.746979
43,100,1605.267097
46,100,1605.388124
37,100,1605.925245
43,100,1606.448363
35,100,1606.978483
40,100,1607.09851
43,100,1607.613626
40,100,1608.127742
42,100,1608.642859
38,100,1609.140971
38,100,1609.265999
52,100,1609.80212
45,100,1610.322237
42,100,1610.891366
46,100,1611.387477
42,100,1611.502504
45,100,1612.010618
38,100,1612.512731
37,100,1613.011844
47,100,1613.12387
39,100,1613.624983
41,100,1614.120094
49,100,1614.648246
35,100,1615.197365
42,100,1615.31039
37,100,1615.817505
42,100,1616.312616
34,100,1616.81373
44,100,1616.943758
40,100,1617.531892
42,100,1618.032005
44,100,1618.529117
37,100,1619.027229
34,100,1619.142255
34,100,1619.647369
32,100,1620.147482
47,100,1620.661598
44,100,1620.781625
33,100,1621.299742
39,100,1621.811857
36,100,1622.321973
43,100,1622.856093
43,100,1622.971119
32,100,1623.473233
41,100,1623.974345
38,100,1624.48046
36,100,1624.992575
36,100,1625.1046
45,100,1625.616716
37,100,1626.139835
40,100,1626.65295
48,100,1626.768976
39,100,1627.269089
37,100,1627.770202
46,100,1628.277316
45,100,1628.788432
44,100,1628.908459
43,100,1629.413573
37,100,1629.93069
41,100,1630.441805
41,100,1630.568834
41,100,1631.085949
47,100,1631.609068
35,100,1632.116183
34,100,1632.649303
45,100,1632.772331
42,100,1633.289447
41,100,1633.808565
44,100,1634.306677
44,100,1634.419703
43,100,1634.921815
42,100,1635.439933
43,100,1635.96005
43,100,1636.474166
34,100,1636.588192
35,100,1637.118311
40,100,1637.635428
47,100,1638.162547
39,100,1638.698668
42,100,1638.831698
47,100,1639.346814
37,100,1639.85793
45,100,1640.39005
36,100,1640.541083
45,100,1641.155222
42,100,1641.790366
50,100,1642.320486
40,100,1642.835601
47,100,1642.957629
40,100,1643.463743
39,100,1643.998863
36,100,1644.51398
38,100,1644.626005
43,100,1645.130119
36,100,1645.635233
44,100,1646.199361
34,100,1646.721478
40,100,1646.855507
44,100,1647.370625
46,100,1647.871738
41,100,1648.36685
43,100,1648.481875
48,100,1648.984989
44,100,1649.495104
42,100,1650.016222
47,100,1650.521336
37,100,1650.634362
46,100,1651.135474
34,100,1651.632587
41,100,1652.126698
40,100,1652.619809
45,100,1652.734835
40,100,1653.231947
35,100,1653.726265
40,100,1654.223377
35,100,1654.344405
35,100,1654.871524
34,100,1655.365635
35,100,1655.859747
40,100,1656.354271
32,100,1656.467297
41,100,1656.963409
37,100,1657.457521
39,100,1657.949631
45,100,1658.060656
47,100,1658.555768
40,100,1659.048879
47,100,1659.541991
34,100,1660.033103
37,100,1660.147129
45,100,1660.645241
54,100,1661.141353
40,100,1661.635465
43,100,1661.745489
46,100,1662.239601
47,100,1662.735713
41,100,1663.230824
37,100,1663.729937
28,100,1663.846963
39,100,1664.351077
33,100,1664.875195
37,100,1665.38931
42,100,1665.890423
36,100,1666.002449
35,100,1666.503561
45,100,1666.998673
42,100,1667.494785
40,100,1667.613812
36,100,1668.13593
36,100,1668.631042
43,100,1669.124152
37,100,1669.622266
38,100,1669.733292
42,100,1670.236405
35,100,1670.762523
42,100,1671.260636
33,100,1671.372661
42,100,1671.869774
38,100,1672.364885
47,100,1672.857996
42,100,1673.348107
40,100,1673.462133
37,100,1673.977248
39,100,1674.47536
45,100,1674.985475
38,100,1675.111504
39,100,1675.624619
37,100,1676.142737
40,100,1676.651851
43,100,1677.145963
41,100,1677.254987
39,100,1677.7551
39,100,1678.246211
48,100,1678.751326
35,100,1679.25844
45,100,1679.382469
41,100,1679.908588
37,100,1680.406699
53,100,1680.916814
36,100,1681.034842
40,100,1681.563961
41,100,1682.068075
43,100,1682.570188
28,100,1683.084305
37,100,1683.194329
39,100,1683.699442
40,100,1684.197086
41,100,1684.694198
40,100,1684.808224
42,100,1685.324822
40,100,1685.842939
37,100,1686.383063
38,100,1686.907179
47,100,1687.018205
47,100,1687.517317
43,100,1688.021432
38,100,1688.539549
42,100,1688.661577
39,100,1689.186695
47,100,1689.708812
46,100,1690.23193
39,100,1690.729043
42,100,1690.854071
37,100,1691.360185
41,100,1691.8693
37,100,1692.369413
38,100,1692.892531
46,100,1693.011557
35,100,1693.523672
40,100,1694.023785
39,100,1694.519897
39,100,1694.629922
37,100,1695.125034
34,100,1695.618145
44,100,1696.108255
41,100,1696.605368
43,100,1696.723394
42,100,1697.231509
45,100,1697.734624
38,100,1698.240738
48,100,1698.368767
40,100,1698.928893
50,100,1699.432007
38,100,1699.928119
42,100,1700.419997
35,100,1700.533022
39,100,1701.031135
39,100,1701.535239
37,100,1702.032361
45,100,1702.142386
40,100,1702.669495
40,100,1703.170608
45,100,1703.669721
46,100,1704.165833
39,100,1704.275858
38,100,1704.773979
31,100,1705.267091
40,100,1705.763203
49,100,1706.254313
47,100,1706.364338
49,100,1706.865452
41,100,1707.359563
43,100,1707.852674
46,100,1707.963699
46,100,1708.458811
42,100,1708.949922
39,100,1709.444033
32,100,1709.936144
37,100,1710.04917
45,100,1710.545282
43,100,1711.038393
42,100,1711.529504
46,100,1711.640529
44,100,1712.13564
37,100,1712.626751
40,100,1713.118863
34,100,1713.611974
40,100,1713.724999
34,100,1714.221111
46,100,1714.712222
51,100,1715.203333
41,100,1715.314358
37,100,1715.807469
47,100,1716.29958
44,100,1716.793691
44,100,1717.284802
40,100,1717.395828
42,100,1717.89194
36,100,1718.399054
43,100,1718.914161
34,100,1719.405281
41,100,1719.518306
41,100,1720.013418
37,100,1720.512531
42,100,1721.006642
38,100,1721.116668
48,100,1721.612779
38,100,1722.106889
39,100,1722.602002
46,100,1723.093113
46,100,1723.203138
45,100,1723.701251
40,100,1724.194361
38,100,1724.722471
35,100,1724.836497
38,100,1725.356615
38,100,1725.895736
40,100,1726.420036
39,100,1726.962157
35,100,1727.078184
40,100,1727.583298
44,100,1728.103415
30,100,1728.620532
34,100,1728.730555
43,100,1729.270679
41,100,1729.806798
34,100,1730.351922
39,100,1730.861037
44,100,1730.974062
42,100,1731.488179
46,100,1732.012297
46,100,1732.537416
37,100,1733.080538
40,100,1733.202565
45,100,1733.738685
39,100,1734.259803
36,100,1734.787923
37,100,1734.897948
44,100,1735.39606
42,100,1735.899174
37,100,1736.398286
46,100,1736.897399
47,100,1737.011425
33,100,1737.515539
42,100,1738.00965
48,100,1738.503762
31,100,1738.613786
42,100,1739.151908
41,100,1739.645019
36,100,1740.142132
43,100,1740.637243
42,100,1740.748269
41,100,1741.24538
40,100,1741.738492
34,100,1742.231603
40,100,1742.341628
41,100,1742.837739
36,100,1743.333852
38,100,1743.828964
30,100,1744.321075
36,100,1744.431099
36,100,1744.928211
42,100,1745.423323
38,100,1745.932438
49,100,1746.447554
39,100,1746.576583
39,100,1747.078697
34,100,1747.577809
49,100,1748.075922
31,100,1748.186947
43,100,1748.685059
41,100,1749.180171
40,100,1749.679284
38,100,1750.181396
44,100,1750.302424
50,100,1750.834544
44,100,1751.332656
40,100,1751.825785
42,100,1751.93781
36,100,1752.436923
40,100,1752.935036
37,100,1753.431148
40,100,1753.925259
47,100,1754.038284
40,100,1754.534396
43,100,1755.031509
47,100,1755.52662
39,100,1755.637645
38,100,1756.133757
46,100,1756.629869
36,100,1757.12298
47,100,1757.616092
39,100,1757.730117
40,100,1758.230231
40,100,1758.724342
43,100,1759.220454
42,100,1759.712565
37,100,1759.82559
39,100,1760.325703
47,100,1760.822815
51,100,1761.316926
31,100,1761.427952
46,100,1761.928065
42,100,1762.422176
45,100,1762.918288
40,100,1763.408398
43,100,1763.519424
40,100,1764.017536
48,100,1764.512648
37,100,1765.00976
37,100,1765.119784
45,100,1765.618897
36,100,1766.112008
35,100,1766.631125
42,100,1767.130239
34,100,1767.241264
43,100,1767.739377
34,100,1768.231486
45,100,1768.727599
47,100,1768.838624
36,100,1769.333736
32,100,1769.829848
41,100,1770.32696
38,100,1770.820071
41,100,1770.934096
40,100,1771.430209
39,100,1771.925321
42,100,1772.420433
48,100,1772.912544
42,100,1773.026569
40,100,1773.526682
39,100,1774.022794
42,100,1774.515905
40,100,1774.628931
33,100,1775.123042
39,100,1775.619154
38,100,1776.114265
37,100,1776.605634
39,100,1776.71666
39,100,1777.213772
36,100,1777.708884
49,100,1778.203996
44,100,1778.31602
39,100,1778.814133
39,100,1779.311245
35,100,1779.806357
46,100,1780.300468
40,100,1780.413494
42,100,1780.911607
40,100,1781.403717
38,100,1781.894828
42,100,1782.007854
43,100,1782.52497
40,100,1783.036086
46,100,1783.528197
35,100,1784.020307
40,100,1784.130333
37,100,1784.627445
44,100,1785.118556
45,100,1785.610667
43,100,1786.100777
34,100,1786.212803
38,100,1786.707913
31,100,1787.205026
38,100,1787.698138
37,100,1787.814164
46,100,1788.313277
37,100,1788.805388
32,100,1789.299499
34,100,1789.799612
47,100,1789.910637
41,100,1790.406749
37,100,1790.901861
41,100,1791.393971
41,100,1791.504997
41,100,1792.003109
39,100,1792.497221
41,100,1792.990332
37,100,1793.482451
36,100,1793.592468
45,100,1794.09058
38,100,1794.583691
39,100,1795.075803
40,100,1795.185827
43,100,1795.68294
42,100,1796.177051
41,100,1796.672163
48,100,1797.167274
45,100,1797.277299
45,100,1797.776412
38,100,1798.275525
40,100,1798.803643
40,100,1799.293754
44,100,1799.40678
39,100,1799.905891
45,100,1800.398004
40,100,1800.891115
37,100,1801.006141
44,100,1801.502253
42,100,1801.996364
41,100,1802.488475
39,100,1802.979586
38,100,1803.093611
39,100,1803.587723
40,100,1804.080834
42,100,1804.574946
38,100,1804.68397
42,100,1805.181082
38,100,1805.674194
47,100,1806.165305
45,100,1806.656416
35,100,1806.770442
35,100,1807.265553
36,100,1807.758664
34,100,1808.251776
41,100,1808.3618
44,100,1808.856913
36,100,1809.351024
42,100,1809.847136
40,100,1810.342248
50,100,1810.455273
42,100,1810.954385
39,100,1811.447496
33,100,1811.942608
40,100,1812.43572
37,100,1812.547745
41,100,1813.046857
44,100,1813.541969
41,100,1814.035081
42,100,1814.145106
39,100,1814.674225
41,100,1815.172338
37,100,1815.673451
48,100,1816.166571
38,100,1816.278587
44,100,1816.777699
36,100,1817.291816
33,100,1817.811933
38,100,1817.93096
39,100,1818.457078
45,100,1819.106225
44,100,1819.609339
43,100,1820.206473
42,100,1820.343503
46,100,1820.958643
40,100,1821.553778
36,100,1822.144911
32,100,1822.253935
43,100,1822.749047
42,100,1823.320176
41,100,1823.869299
32,100,1824.450431
47,100,1824.582461
39,100,1825.098577
43,100,1825.60169
36,100,1826.12681
42,100,1826.622921
41,100,1826.738947
41,100,1827.235059
40,100,1827.729171
49,100,1828.223283
39,100,1828.334307
40,100,1828.830419
45,100,1829.324531
37,100,1829.823644
39,100,1830.326757
34,100,1830.446784
46,100,1830.9649
43,100,1831.461022
44,100,1831.954134
39,100,1832.063157
41,100,1832.55827
44,100,1833.051381
42,100,1833.544492
38,100,1834.037604
37,100,1834.147628
48,100,1834.64374
44,100,1835.137851
39,100,1835.628963
44,100,1835.738987
35,100,1836.232099
38,100,1836.72521
45,100,1837.220322
33,100,1837.712433
42,100,1837.823458
42,100,1838.316569
39,100,1838.80868
45,100,1839.299791
38,100,1839.803905
34,100,1839.921921
37,100,1840.438038
42,100,1840.958156
38,100,1841.474272
39,100,1841.604301
44,100,1842.119417
38,100,1842.61953
42,100,1843.114642
37,100,1843.609754
39,100,1843.719779
42,100,1844.224893
37,100,1844.733007
33,100,1845.238121
41,100,1845.353147
40,100,1845.859261
37,100,1846.361376
41,100,1846.883492
40,100,1847.381605
45,100,1847.498632
47,100,1848.009747
40,100,1848.511861
34,100,1849.034978
36,100,1849.152005
37,100,1849.651118
37,100,1850.171235
44,100,1850.684351
44,100,1851.193466
47,100,1851.307492
39,100,1851.813606
43,100,1852.31772
38,100,1852.878845
46,100,1853.404965
50,100,1853.51799
46,100,1854.017103
44,100,1854.511215
48,100,1855.003326
40,100,1855.114351
41,100,1855.619465
40,100,1856.12858
38,100,1856.631693
43,100,1857.140807
48,100,1857.257834
36,100,1857.774951
45,100,1858.272063
40,100,1858.786178
39,100,1858.907206
32,100,1859.41032
37,100,1859.920436
45,100,1860.423548
45,100,1860.931663
41,100,1861.044689
47,100,1861.548802
42,100,1862.047915
41,100,1862.572033
36,100,1862.68906
41,100,1863.211177
39,100,1863.718292
43,100,1864.222406
37,100,1864.72752
35,100,1864.845546
35,100,1865.352661
39,100,1865.855774
44,100,1866.356888
40,100,1866.854
42,100,1866.965024
37,100,1867.468138
42,100,1867.982254
30,100,1868.483367
40,100,1868.598393
43,100,1869.098506
40,100,1869.597619
34,100,1870.097732
43,100,1870.595844
49,100,1870.70987
40,100,1871.221985
37,100,1871.724098
49,100,1872.227212
39,100,1872.344239
44,100,1872.846352
28,100,1873.356467
43,100,1873.867582
38,100,1874.367695
41,100,1874.47772
38,100,1874.975832
38,100,1875.468944
39,100,1875.959054
41,100,1876.068079
44,100,1876.560189
41,100,1877.0503
45,100,1877.543412
35,100,1878.033522
41,100,1878.144547
42,100,1878.667666
43,100,1879.164778
42,100,1879.658889
37,100,1880.149999
42,100,1880.263025
43,100,1880.758137
37,100,1881.250248
44,100,1881.742359
39,100,1881.851384
34,100,1882.347496
40,100,1882.840607
32,100,1883.34372
47,100,1883.846834
39,100,1883.96086
36,100,1884.475976
39,100,1884.988092
34,100,1885.500207
40,100,1885.618234
48,100,1886.125348
41,100,1886.629462
34,100,1887.140577
39,100,1887.657694
39,100,1887.768719
32,100,1888.266831
40,100,1888.760943
38,100,1889.269058
38,100,1889.379082
46,100,1889.874194
39,100,1890.372306
37,100,1890.868418
38,100,1891.393537
36,100,1891.510563
34,100,1892.019678
40,100,1892.520791
34,100,1893.027906
34,100,1893.543021
32,100,1893.662049
40,100,1894.192168
40,100,1894.740291
36,100,1895.273412
38,100,1895.39644
37,100,1895.918558
41,100,1896.423672
46,100,1896.919784
43,100,1897.4359
46,100,1897.549926
41,100,1898.091048
40,100,1898.602164
43,100,1899.129282
45,100,1899.240307
37,100,1899.74142
36,100,1900.247535
42,100,1900.75765
39,100,1901.266765
38,100,1901.392793
36,100,1901.915911
35,100,1902.421025
35,100,1902.92814
45,100,1903.041165
36,100,1903.559282
34,100,1904.081399
44,100,1904.579512
40,100,1905.074625
42,100,1905.185649
37,100,1905.687763
44,100,1906.195877
45,100,1906.69499
44,100,1907.190109
39,100,1907.303127
39,100,1907.80424
42,100,1908.300352
37,100,1908.811467
38,100,1908.935495
35,100,1909.447611
40,100,1909.957726
35,100,1910.476844
48,100,1910.990959
43,100,1911.100984
43,100,1911.6131
39,100,1912.156222
42,100,1912.656335
37,100,1912.780363
37,100,1913.286477
36,100,1913.817595
35,100,1914.31971
42,100,1914.819823
43,100,1914.930848
44,100,1915.42596
34,100,1915.923072
39,100,1916.418184
36,100,1916.53421
42,100,1917.067329
45,100,1917.582446
46,100,1918.097563
38,100,1918.587673
45,100,1918.698699
37,100,1919.202811
40,100,1919.716928
40,100,1920.231044
45,100,1920.732156
38,100,1920.844182
39,100,1921.355298
40,100,1921.85441
38,100,1922.345521
39,100,1922.455546
40,100,1922.96166
44,100,1923.456772
38,100,1923.954412
40,100,1924.44553
42,100,1924.555546
43,100,1925.053139
40,100,1925.54625
47,100,1926.039362
37,100,1926.148386
41,100,1926.672505
44,100,1927.168617
41,100,1927.665729
47,100,1928.15784
28,100,1928.268865
39,100,1928.766977
43,100,1929.261089
40,100,1929.757201
32,100,1929.868226
35,100,1930.366338
43,100,1930.861464
43,100,1931.354132
38,100,1931.843242
43,100,1931.954267
48,100,1932.448378
33,100,1932.94549
37,100,1933.439602
38,100,1933.928712
46,100,1934.040737
36,100,1934.533849
32,100,1935.02596
36,100,1935.516071
37,100,1935.628096
36,100,1936.122207
43,100,1936.613317
38,100,1937.104429
41,100,1937.593539
37,100,1937.706565
43,100,1938.200676
49,100,1938.693788
40,100,1939.184899
48,100,1939.292922
39,100,1939.788034
41,100,1940.282146
40,100,1940.776258
49,100,1941.268368
46,100,1941.378393
42,100,1941.873505
37,100,1942.378618
35,100,1942.894735
41,100,1943.004761
35,100,1943.496871
37,100,1943.992983
37,100,1944.487095
40,100,1944.980205
40,100,1945.090231
36,100,1945.587343
39,100,1946.081455
35,100,1946.576566
34,100,1947.068676
43,100,1947.181703
35,100,1947.681816
41,100,1948.175927
42,100,1948.670039
37,100,1948.780064
37,100,1949.273174
41,100,1949.767286
39,100,1950.261397
44,100,1950.753508
40,100,1950.864534
36,100,1951.359645
41,100,1951.851757
46,100,1952.341866
38,100,1952.450891
39,100,1952.949004
41,100,1953.442115
45,100,1953.933226
36,100,1954.423337
38,100,1954.534362
34,100,1955.030473
42,100,1955.522585
42,100,1956.013696
33,100,1956.12372
47,100,1956.616831
48,100,1957.105942
35,100,1957.598053
39,100,1958.088164
37,100,1958.202189
40,100,1958.725307
45,100,1959.22442
33,100,1959.718532
44,100,1960.209642
45,100,1960.323668
44,100,1960.82178
41,100,1961.315892
46,100,1961.809003
42,100,1961.919028
33,100,1962.41514
40,100,1962.912252
42,100,1963.406364
46,100,1963.898475
39,100,1964.0095
35,100,1964.504611
46,100,1964.998723
45,100,1965.494834
46,100,1965.60586
40,100,1966.104973
41,100,1966.598084
40,100,1967.095196
46,100,1967.584329
38,100,1967.694353
37,100,1968.187465
47,100,1968.677575
39,100,1969.166686
42,100,1969.27471
45,100,1969.769812
44,100,1970.261923
35,100,1970.751043
37,100,1971.241154
44,100,1971.350178
40,100,1971.84429
39,100,1972.3324
40,100,1972.825511
38,100,1973.315621
36,100,1973.425647
38,100,1973.920757
41,100,1974.428864
36,100,1974.94298
33,100,1975.054005
33,100,1975.551126
47,100,1976.041236
39,100,1976.535349
52,100,1977.031461
37,100,1977.141485
46,100,1977.635597
41,100,1978.128708
40,100,1978.620818
45,100,1978.729834
41,100,1979.223955
42,100,1979.714066
40,100,1980.205177
40,100,1980.695286
43,100,1980.805311
41,100,1981.303424
37,100,1981.795536
32,100,1982.288646
43,100,1982.398672
40,100,1982.893783
42,100,1983.386894
48,100,1983.882006
37,100,1984.373117
44,100,1984.485142
35,100,1984.982255
36,100,1985.475366
54,100,1985.969478
34,100,1986.455587
35,100,1986.567612
37,100,1987.063724
41,100,1987.555835
35,100,1988.047946
41,100,1988.159962
33,100,1988.654083
39,100,1989.145194
37,100,1989.634305
38,100,1990.126415
40,100,1990.247433
37,100,1990.771551
44,100,1991.262671
39,100,1991.757774
40,100,1991.866798
39,100,1992.36292
36,100,1992.854031
41,100,1993.345142
36,100,1993.836252
32,100,1993.946277
39,100,1994.439389
41,100,1994.932499
46,100,1995.42261
44,100,1995.531634
36,100,1996.024746
31,100,1996.516857
42,100,1997.008968
40,100,1997.500079
44,100,1997.609104
37,100,1998.104215
46,100,1998.598327
40,100,1999.088438
46,100,1999.578548
38,100,1999.689573
35,100,2000.186685
45,100,2000.679797
45,100,2001.174907
40,100,2001.283933
43,100,2001.782045
41,100,2002.274157
44,100,2002.768268
37,100,2003.261379
36,100,2003.369404
36,100,2003.867516
42,100,2004.358627
37,100,2004.849738
43,100,2004.958762
45,100,2005.449873
37,100,2005.939983
35,100,2006.446089
49,100,2006.961205
42,100,2007.071229
42,100,2007.56435
37,100,2008.057462
38,100,2008.546572
41,100,2008.657597
48,100,2009.148706
46,100,2009.642819
30,100,2010.137931
39,100,2010.62904
46,100,2010.740067
46,100,2011.235178
42,100,2011.727291
40,100,2012.2204
42,100,2012.710511
42,100,2012.820536
36,100,2013.314648
42,100,2013.804757
44,100,2014.295869
39,100,2014.404894
54,100,2014.903006
40,100,2015.398118
40,100,2015.89223
44,100,2016.38334
37,100,2016.491365
42,100,2016.987477
49,100,2017.477587
38,100,2017.969698
41,100,2018.078723
42,100,2018.573834
39,100,2019.066946
39,100,2019.559056
39,100,2020.051168
39,100,2020.164184
46,100,2020.663306
40,100,2021.157418
38,100,2021.650528
39,100,2021.760554
37,100,2022.264657
42,100,2022.787776
46,100,2023.278896
39,100,2023.769007
37,100,2023.880032
40,100,2024.374143
45,100,2024.865254
43,100,2025.354363
55,100,2025.840474
50,100,2025.952499
37,100,2026.444611
35,100,2026.933721
46,100,2027.424832
37,100,2027.535857
33,100,2028.033968
40,100,2028.534072
46,100,2029.029184
40,100,2029.525296
43,100,2029.636321
38,100,2030.135434
44,100,2030.629546
40,100,2031.126657
34,100,2031.240684
46,100,2031.739796
45,100,2032.233908
38,100,2032.72902
40,100,2033.22013
39,100,2033.332156
35,100,2033.829268
41,100,2034.321379
41,100,2034.81549
44,100,2034.923515
37,100,2035.416626
47,100,2035.907737
44,100,2036.400848
40,100,2036.892959
38,100,2037.004985
45,100,2037.506097
45,100,2038.002209
38,100,2038.517325
42,100,2039.031441
37,100,2039.143467
42,100,2039.641579
37,100,2040.134691
47,100,2040.627802
38,100,2040.738827
33,100,2041.236939
37,100,2041.730066
38,100,2042.222177
36,100,2042.712287
46,100,2042.824312
39,100,2043.323425
38,100,2043.814536
45,100,2044.305647
41,100,2044.415672
45,100,2044.910783
38,100,2045.402894
39,100,2045.895006
43,100,2046.388117
39,100,2046.501142
35,100,2046.998255
42,100,2047.489365
45,100,2047.981476
47,100,2048.091501
45,100,2048.585117
43,100,2049.079228
48,100,2049.571339
43,100,2050.064451
37,100,2050.178477
39,100,2050.673588
40,100,2051.168038
45,100,2051.662149
47,100,2052.152258
48,100,2052.264285
41,100,2052.761397
39,100,2053.255509
47,100,2053.74862
51,100,2053.861645
41,100,2054.367759
37,100,2054.884876
44,100,2055.379988
44,100,2055.871099
39,100,2055.982124
42,100,2056.479236
45,100,2056.972347
33,100,2057.466459
38,100,2057.577484
45,100,2058.075596
36,100,2058.568707
34,100,2059.064819
47,100,2059.55693
41,100,2059.667956
47,100,2060.164026
42,100,2060.655129
36,100,2061.147239
42,100,2061.255263
41,100,2061.747375
48,100,2062.239486
39,100,2062.731596
44,100,2063.221707
40,100,2063.331732
40,100,2063.828844
46,100,2064.320955
38,100,2064.814067
38,100,2065.303177
42,100,2065.415202
41,100,2065.909314
44,100,2066.400425
41,100,2066.893536
40,100,2067.00256
42,100,2067.497672
32,100,2067.990436
35,100,2068.483547
48,100,2068.974658
42,100,2069.086684
47,100,2069.584152
40,100,2070.079254
36,100,2070.600371
41,100,2070.715398
45,100,2071.217511
44,100,2071.709622
41,100,2072.206735
42,100,2072.69927
42,100,2072.810296
42,100,2073.306408
41,100,2073.802519
42,100,2074.295631
38,100,2074.404655
37,100,2074.899776
42,100,2075.391887
49,100,2075.884999
51,100,2076.37711
38,100,2076.489135
42,100,2076.986247
38,100,2077.479358
37,100,2077.97347
32,100,2078.464571
47,100,2078.576606
42,100,2079.073002
43,100,2079.564113
34,100,2080.055223
43,100,2080.168249
35,100,2080.664361
45,100,2081.154471
42,100,2081.646582
41,100,2082.134693
41,100,2082.245718
43,100,2082.739829
43,100,2083.23294
46,100,2083.728052
43,100,2083.838077
40,100,2084.333188
41,100,2084.8243
39,100,2085.31541
36,100,2085.806521
45,100,2085.917546
38,100,2086.427661
39,100,2086.941777
35,100,2087.433888
40,100,2087.544913
36,100,2088.036778
39,100,2088.53088
43,100,2089.024992
41,100,2089.515102
39,100,2089.625127
37,100,2090.12424
41,100,2090.617351
42,100,2091.111463
34,100,2091.601573
40,100,2091.712598
47,100,2092.210711
46,100,2092.702821
40,100,2093.195933
38,100,2093.305958
39,100,2093.807071
37,100,2094.305183
47,100,2094.798295
34,100,2095.291405
45,100,2095.404431
38,100,2095.900543
34,100,2096.393655
40,100,2096.887766
40,100,2096.99679
37,100,2097.495903
37,100,2097.986014
43,100,2098.476124
47,100,2098.967235
39,100,2099.07826
41,100,2099.573372
39,100,2100.065054
35,100,2100.555165
39,100,2100.66419
45,100,2101.159302
39,100,2101.651412
46,100,2102.142523
36,100,2102.664641
39,100,2102.777667
42,100,2103.273778
40,100,2103.76789
36,100,2104.260001
47,100,2104.751119
41,100,2104.865138
39,100,2105.359249
43,100,2105.85236
44,100,2106.344471
42,100,2106.454496
37,100,2106.950608
41,100,2107.442719
36,100,2107.936831
42,100,2108.426941
49,100,2108.538966
45,100,2109.035078
45,100,2109.525189
43,100,2110.020301
43,100,2110.130326
43,100,2110.628438
41,100,2111.121549
38,100,2111.615661
46,100,2112.109122
35,100,2112.221147
38,100,2112.71926
42,100,2113.215371
38,100,2113.709482
39,100,2113.822509
33,100,2114.318621
47,100,2114.812732
43,100,2115.305844
44,100,2115.799955
37,100,2115.91098
36,100,2116.406091
40,100,2116.898202
41,100,2117.389314
41,100,2117.878423
29,100,2117.990449
42,100,2118.505566
42,100,2119.01768
41,100,2119.515793
44,100,2119.624818
45,100,2120.11993
35,100,2120.617057
41,100,2121.109168
39,100,2121.599288
39,100,2121.711313
35,100,2122.205425
37,100,2122.695535
45,100,2123.186646
35,100,2123.295671
39,100,2123.792773
37,100,2124.282893
43,100,2124.772004
39,100,2125.262113
38,100,2125.372139
43,100,2125.866241
41,100,2126.360353
46,100,2126.855838
42,100,2126.966863
34,100,2127.460975
39,100,2127.952604
43,100,2128.447716
39,100,2128.939827
46,100,2129.049852
46,100,2129.546964
37,100,2130.042074
43,100,2130.536187
41,100,2131.027305
40,100,2131.140323
39,100,2131.637435
41,100,2132.131547
50,100,2132.624658
49,100,2132.734683
40,100,2133.231795
40,100,2133.725907
36,100,2134.222018
35,100,2134.742136
40,100,2134.854162
39,100,2135.347272
39,100,2135.838383
44,100,2136.335496
36,100,2136.445521
42,100,2136.942632
47,100,2137.436744
44,100,2137.929855
41,100,2138.423967
43,100,2138.534992
40,100,2139.036105
33,100,2139.529216
43,100,2140.024328
45,100,2140.135353
47,100,2140.630464
41,100,2141.126577
41,100,2141.622689
45,100,2142.1158
41,100,2142.228824
42,100,2142.724937
40,100,2143.221049
44,100,2143.726163
42,100,2144.286289
39,100,2144.406317
42,100,2144.948439
38,100,2145.480559
41,100,2146.014679
35,100,2146.135708
39,100,2146.657824
50,100,2147.159938
42,100,2147.65605
36,100,2148.151161
43,100,2148.27919
43,100,2148.796306
43,100,2149.310422
39,100,2149.828539
41,100,2149.940565
40,100,2150.575709
44,100,2151.141836
41,100,2151.657952
43,100,2152.213475
39,100,2152.356508
39,100,2152.959644
44,100,2153.51777
35,100,2154.064894
41,100,2154.200924
41,100,2154.737045
47,100,2155.272168
35,100,2155.793285
45,100,2156.311403
41,100,2156.428429
33,100,2156.96555
41,100,2157.548682
46,100,2158.084803
35,100,2158.647929
41,100,2158.772958
45,100,2159.338092
41,100,2159.852209
37,100,2160.399332
39,100,2160.546365
43,100,2161.135498
43,100,2161.746635
41,100,2162.250749
37,100,2162.753863
36,100,2162.879892
41,100,2163.44802
33,100,2163.973138
37,100,2164.51126
41,100,2164.623285
32,100,2165.124398
48,100,2165.61951
48,100,2166.116622
47,100,2166.64274
32,100,2166.756765
38,100,2167.255878
48,100,2167.754992
44,100,2168.251104
41,100,2168.362129
42,100,2168.860241
42,100,2169.361354
33,100,2169.863468
40,100,2170.366581
46,100,2170.476606
45,100,2170.980719
42,100,2171.476832
36,100,2171.971944
36,100,2172.466063
36,100,2172.57908
44,100,2173.097197
36,100,2173.599311
37,100,2174.107425
41,100,2174.21745
37,100,2174.719563
35,100,2175.217676
52,100,2175.714787
42,100,2176.2129
45,100,2176.325925
45,100,2176.820037
45,100,2177.316149
36,100,2177.80826
39,100,2177.918285
41,100,2178.415397
32,100,2178.909509
41,100,2179.40462
39,100,2179.896731
35,100,2180.007756
41,100,2180.504868
39,100,2180.99598
45,100,2181.490091
42,100,2181.599116
39,100,2182.092227
34,100,2182.607343
39,100,2183.110457
44,100,2183.604568
40,100,2183.713593
37,100,2184.209705
43,100,2184.734824
44,100,2185.236936
52,100,2185.74405
42,100,2185.871079
37,100,2186.383195
45,100,2186.887309
36,100,2187.384421
39,100,2187.496446
48,100,2187.995559
38,100,2188.493852
46,100,2188.988963
43,100,2189.483074
46,100,2189.5931
36,100,2190.092212
44,100,2190.586412
39,100,2191.080515
40,100,2191.190539
33,100,2191.685943
38,100,2192.180055
37,100,2192.673167
50,100,2193.171279
39,100,2193.281303
38,100,2193.780416
40,100,2194.278528
42,100,2194.77364
41,100,2194.883665
37,100,2195.386778
52,100,2195.891892
46,100,2196.413009
43,100,2196.915124
33,100,2197.027148
40,100,2197.531262
47,100,2198.026374
41,100,2198.54149
40,100,2199.049604
44,100,2199.16163
39,100,2199.657742
39,100,2200.153854
43,100,2200.649965
41,100,2200.759991
39,100,2201.256103
42,100,2201.750241
39,100,2202.244353
40,100,2202.735463
35,100,2202.848489
33,100,2203.350602
42,100,2203.845713
43,100,2204.341826
39,100,2204.45285
36,100,2204.955963
43,100,2205.449075
50,100,2205.944188
45,100,2206.441299
37,100,2206.554325
43,100,2207.052005
44,100,2207.546117
47,100,2208.039228
42,100,2208.150253
39,100,2208.643364
40,100,2209.137476
37,100,2209.630587
40,100,2210.176705
42,100,2210.301733
43,100,2210.902869
40,100,2211.502004
44,100,2211.999116
40,100,2212.489226
42,100,2212.602253
42,100,2213.100364
42,100,2213.608478
43,100,2214.128596
38,100,2214.252624
42,100,2214.780743
36,100,2215.279855
38,100,2215.789971
32,100,2216.311089
42,100,2216.427114
36,100,2216.94223
44,100,2217.473351
35,100,2217.970463
40,100,2218.080487
44,100,2218.583602
45,100,2219.105721
48,100,2219.613835
39,100,2220.107946
41,100,2220.219971
34,100,2220.731086
39,100,2221.2342
45,100,2221.735313
44,100,2221.85134
47,100,2222.363454
43,100,2222.880571
43,100,2223.382684
43,100,2223.880796
40,100,2223.999824
47,100,2224.524942
44,100,2225.050061
48,100,2225.568177
42,100,2226.085295
40,100,2226.215323
38,100,2226.743442
44,100,2227.261559
40,100,2227.759673
43,100,2227.868697
42,100,2228.363239
42,100,2228.856351
43,100,2229.351462
50,100,2229.847574
45,100,2229.957599
36,100,2230.475707
46,100,2230.990823
49,100,2231.483943
39,100,2231.592968
44,100,2232.087079
45,100,2232.577189
46,100,2233.069301
33,100,2233.559412
37,100,2233.669437
37,100,2234.165549
35,100,2234.655659
48,100,2235.146769
47,100,2235.255795
42,100,2235.749906
43,100,2236.243017
47,100,2236.735128
38,100,2237.22924
37,100,2237.339265
43,100,2237.838377
43,100,2238.330488
44,100,2238.8236
29,100,2239.31471
39,100,2239.424736
36,100,2239.921848
40,100,2240.415959
43,100,2240.910071
35,100,2241.020095
44,100,2241.516207
35,100,2242.011318
42,100,2242.50243
46,100,2242.996541
42,100,2243.105566
41,100,2243.602678
34,100,2244.094789
49,100,2244.589901
48,100,2244.697925
42,100,2245.195038
38,100,2245.687149
38,100,2246.184251
40,100,2246.707369
38,100,2246.821396
38,100,2247.316516
41,100,2247.806627
38,100,2248.298738
38,100,2248.409763
37,100,2248.900873
39,100,2249.391985
37,100,2249.886096
43,100,2250.378207
42,100,2250.489232
39,100,2250.984344
45,100,2251.476455
36,100,2251.968566
35,100,2252.458676
38,100,2252.568701
45,100,2253.065814
36,100,2253.557923
44,100,2254.055036
35,100,2254.166062
43,100,2254.670175
39,100,2255.165287
42,100,2255.660399
39,100,2256.15451
39,100,2256.264535
45,100,2256.760647
45,100,2257.252759
47,100,2257.745861
45,100,2257.855885
37,100,2258.351006
45,100,2258.845116
42,100,2259.338229
40,100,2259.831339
41,100,2259.943365
44,100,2260.442478
31,100,2260.934589
44,100,2261.4267
42,100,2261.536725
42,100,2262.029836
34,100,2262.548944
46,100,2263.06506
50,100,2263.559181
42,100,2263.671207
39,100,2264.168319
45,100,2264.66143
42,100,2265.156542
39,100,2265.648653
45,100,2265.758678
40,100,2266.25479
40,100,2266.74489
40,100,2267.235009
45,100,2267.346035
35,100,2267.844148
38,100,2268.334259
40,100,2268.830369
44,100,2269.319481
34,100,2269.432497
46,100,2269.928619
34,100,2270.419729
43,100,2270.91084
40,100,2271.020865
41,100,2271.515977
40,100,2272.006087
40,100,2272.499199
46,100,2272.990309
46,100,2273.100335
38,100,2273.596446
47,100,2274.084557
30,100,2274.575667
43,100,2274.685692
47,100,2275.178803
43,100,2275.670914
44,100,2276.165026
34,100,2276.659137
32,100,2276.769161
43,100,2277.265274
43,100,2277.763386
44,100,2278.26149
39,100,2278.781607
45,100,2278.892632
39,100,2279.392754
39,100,2279.885865
49,100,2280.378977
42,100,2280.489002
34,100,2280.987114
39,100,2281.480225
45,100,2281.975337
45,100,2282.468448
38,100,2282.580474
40,100,2283.077586
46,100,2283.569697
43,100,2284.058807
40,100,2284.168832
45,100,2284.661943
34,100,2285.152054
37,100,2285.642164
44,100,2286.131275
35,100,2286.2423
39,100,2286.73841
42,100,2287.228523
40,100,2287.721634
37,100,2287.832659
41,100,2288.32377
42,100,2288.81688
51,100,2289.306991
33,100,2289.801103
40,100,2289.911128
43,100,2290.445239
42,100,2290.940351
43,100,2291.437887
41,100,2291.928997
41,100,2292.043023
42,100,2292.538135
42,100,2293.035247
40,100,2293.528359
40,100,2293.639384
42,100,2294.136496
47,100,2294.655613
44,100,2295.156726
41,100,2295.649837
44,100,2295.761863
43,100,2296.256974
45,100,2296.757087
39,100,2297.250197
34,100,2297.358223
39,100,2297.856335
36,100,2298.349447
44,100,2298.844558
40,100,2299.33767
43,100,2299.449694
41,100,2299.946807
38,100,2300.440918
48,100,2300.93503
43,100,2301.045055
38,100,2301.541167
53,100,2302.035278
39,100,2302.525388
36,100,2303.015499
38,100,2303.124524
40,100,2303.620636
44,100,2304.114747
34,100,2304.607859
42,100,2305.097978
34,100,2305.210994
39,100,2305.705106
39,100,2306.199217
35,100,2306.690329
42,100,2306.803354
44,100,2307.297465
33,100,2307.789577
47,100,2308.282688
42,100,2308.775799
37,100,2308.888824
45,100,2309.384936
39,100,2309.878048
40,100,2310.383162
43,100,2310.50719
43,100,2311.023306
45,100,2311.515417
34,100,2312.008528
42,100,2312.500639
39,100,2312.612665
35,100,2313.111777
41,100,2313.603888
35,100,2314.097
42,100,2314.208024
38,100,2314.702136
45,100,2315.199248
34,100,2315.692359
39,100,2316.189471
36,100,2316.300496
40,100,2316.797609
42,100,2317.29172
42,100,2317.788833
48,100,2318.281943
49,100,2318.394969
38,100,2318.893082
41,100,2319.386211
34,100,2319.880322
40,100,2319.991347
37,100,2320.496461
43,100,2320.988572
54,100,2321.482684
45,100,2321.972794
36,100,2322.08482
42,100,2322.57893
42,100,2323.072043
45,100,2323.563153
40,100,2323.673178
48,100,2324.16929
36,100,2324.660904
36,100,2325.155015
48,100,2325.645133
46,100,2325.757151
33,100,2326.258264
41,100,2326.782381
39,100,2327.274493
47,100,2327.384518
50,100,2327.877629
40,100,2328.370741
47,100,2328.864852
39,100,2329.35397
37,100,2329.467988
36,100,2329.9641
33,100,2330.462212
38,100,2330.958324
45,100,2331.451436
42,100,2331.565462
46,100,2332.062574
45,100,2332.556685
38,100,2333.047795
43,100,2333.158821
32,100,2333.657933
41,100,2334.151045
37,100,2334.644156
42,100,2335.137267
45,100,2335.249293
44,100,2335.748405
38,100,2336.241517
46,100,2336.733627
42,100,2336.844653
43,100,2337.342765
35,100,2337.841878
48,100,2338.336989
47,100,2338.832101
41,100,2338.945127
48,100,2339.444239
40,100,2339.938361
44,100,2340.429471
37,100,2340.538496
45,100,2341.032607
45,100,2341.522718
41,100,2342.023831
38,100,2342.533947
38,100,2342.655973
46,100,2343.160088
35,100,2343.652198
48,100,2344.143309
38,100,2344.633419
32,100,2344.746445
36,100,2345.240557
37,100,2345.733668
39,100,2346.224779
39,100,2346.335804
49,100,2346.830916
36,100,2347.323027
38,100,2347.815138
38,100,2348.305257
37,100,2348.418274
40,100,2348.916386
41,100,2349.407497
41,100,2349.900609
31,100,2350.009632
42,100,2350.512747
37,100,2351.004858
46,100,2351.499969
44,100,2351.99108
38,100,2352.102105
44,100,2352.598217
46,100,2353.089328
42,100,2353.58244
39,100,2353.691464
43,100,2354.186576
44,100,2354.680687
36,100,2355.176799
38,100,2355.66891
40,100,2355.781935
44,100,2356.280048
45,100,2356.77416
48,100,2357.268271
38,100,2357.76139
32,100,2357.877408
46,100,2358.393525
42,100,2358.912642
44,100,2359.401752
46,100,2359.511777
33,100,2360.007889
38,100,2360.501
34,100,2360.993112
42,100,2361.482221
41,100,2361.594247
41,100,2362.09136
38,100,2362.582471
38,100,2363.074581
31,100,2363.183606
37,100,2363.680718
45,100,2364.171829
36,100,2364.66394
38,100,2365.154051
35,100,2365.265076
40,100,2365.760187
39,100,2366.251298
40,100,2366.743409
46,100,2366.854434
41,100,2367.348546
35,100,2367.844678
40,100,2368.338788
34,100,2368.8309
41,100,2368.941925
48,100,2369.439037
39,100,2369.935149
45,100,2370.430261
48,100,2370.92238
39,100,2371.036398
43,100,2371.53451
44,100,2372.029622
50,100,2372.523733
41,100,2372.634759
36,100,2373.131871
38,100,2373.627983
46,100,2374.121093
42,100,2374.645211
46,100,2374.762239
43,100,2375.261351
45,100,2375.758463
39,100,2376.253575
38,100,2376.367601
40,100,2376.863713
34,100,2377.353823
38,100,2377.845935
44,100,2378.335045
38,100,2378.45107
36,100,2378.949183
44,100,2379.441294
39,100,2379.933405
39,100,2380.043431
44,100,2380.540542
41,100,2381.032654
48,100,2381.525765
38,100,2382.017876
46,100,2382.130901
46,100,2382.628014
45,100,2383.120125
42,100,2383.612236
43,100,2384.102346
36,100,2384.215371
50,100,2384.708483
43,100,2385.203595
37,100,2385.694705
45,100,2385.806731
36,100,2386.303843
47,100,2386.797953
36,100,2387.290065
40,100,2387.785185
47,100,2387.898203
37,100,2388.395315
41,100,2388.895428
37,100,2389.390539
41,100,2389.503564
43,100,2390.000677
44,100,2390.517793
44,100,2391.029909
49,100,2391.52402
43,100,2391.636046
43,100,2392.134158
38,100,2392.628848
40,100,2393.12296
44,100,2393.233985
43,100,2393.729097
47,100,2394.223208
51,100,2394.718319
41,100,2395.20943
40,100,2395.319456
39,100,2395.814567
41,100,2396.305678
39,100,2396.797789
39,100,2397.284908
36,100,2397.400925
41,100,2397.900038
45,100,2398.391149
36,100,2398.88326
42,100,2398.997286
47,100,2399.493407
43,100,2399.986518
43,100,2400.477629
45,100,2400.968739
40,100,2401.080755
39,100,2401.574876
47,100,2402.064987
40,100,2402.556098
39,100,2402.665123
42,100,2403.161234
36,100,2403.652336
45,100,2404.144447
31,100,2404.635558
42,100,2404.749584
40,100,2405.244695
45,100,2405.737807
39,100,2406.231918
56,100,2406.347944
40,100,2406.865061
38,100,2407.360173
41,100,2407.856285
41,100,2408.350395
38,100,2408.463421
34,100,2408.963535
40,100,2409.455645
51,100,2409.952758
41,100,2410.447868
37,100,2410.561895
47,100,2411.059007
40,100,2411.553119
39,100,2412.050231
41,100,2412.161256
52,100,2412.657368
43,100,2413.15348
32,100,2413.646591
41,100,2414.137702
43,100,2414.249727
44,100,2414.745839
41,100,2415.23695
50,100,2415.727061
41,100,2415.839086
36,100,2416.334198
36,100,2416.824308
40,100,2417.316419
47,100,2417.80453
43,100,2417.916555
36,100,2418.411667
44,100,2418.905778
43,100,2419.398889
45,100,2419.508914
43,100,2420.001025
38,100,2420.496137
41,100,2420.989248
43,100,2421.481359
48,100,2421.591384
39,100,2422.088496
39,100,2422.606614
34,100,2423.106726
50,100,2423.597836
47,100,2423.709862
48,100,2424.206975
50,100,2424.701086
48,100,2425.193196
40,100,2425.304222
43,100,2425.800334
41,100,2426.293445
41,100,2426.787557
43,100,2427.277675
46,100,2427.389692
48,100,2427.887805
42,100,2428.380916
37,100,2428.878028
41,100,2428.988053
39,100,2429.487165
36,100,2429.981277
40,100,2430.47939
35,100,2430.974501
40,100,2431.086527
45,100,2431.584639
48,100,2432.07775
48,100,2432.569861
40,100,2432.677886
36,100,2433.169997
44,100,2433.663108
42,100,2434.155219
42,100,2434.64633
37,100,2434.756355
39,100,2435.251467
44,100,2435.742577
33,100,2436.233688
43,100,2436.722806
38,100,2436.835824
43,100,2437.332936
43,100,2437.826047
46,100,2438.32416
42,100,2438.442186
30,100,2438.959303
43,100,2439.450414
40,100,2439.941525
42,100,2440.435637
42,100,2440.547662
38,100,2441.042773
32,100,2441.540886
39,100,2442.035997
45,100,2442.146022
38,100,2442.642134
35,100,2443.134245
39,100,2443.628356
41,100,2444.123468
37,100,2444.232493
43,100,2444.729605
45,100,2445.224717
38,100,2445.718828
40,100,2445.827853
39,100,2446.321965
38,100,2446.816076
40,100,2447.308187
41,100,2447.800298
39,100,2447.910323
44,100,2448.408435
39,100,2448.902547
43,100,2449.397659
42,100,2449.891769
46,100,2450.003795
40,100,2450.503908
40,100,2450.995019
43,100,2451.48613
40,100,2451.597155
42,100,2452.094267
35,100,2452.586378
43,100,2453.077489
45,100,2453.566599
33,100,2453.682625
40,100,2454.179737
44,100,2454.698855
43,100,2455.196967
39,100,2455.306992
38,100,2455.803103
46,100,2456.295215
39,100,2456.787327
43,100,2457.277436
43,100,2457.388461
40,100,2457.887574
46,100,2458.381686
41,100,2458.874797
40,100,2458.983822
42,100,2459.475932
43,100,2459.968044
34,100,2460.462155
45,100,2460.956267
37,100,2461.069292
42,100,2461.565404
39,100,2462.058515
40,100,2462.551627
37,100,2463.044738
36,100,2463.155763
34,100,2463.650875
46,100,2464.144986
43,100,2464.640098
41,100,2464.750123
30,100,2465.247235
45,100,2465.745347
41,100,2466.240459
40,100,2466.73257
32,100,2466.844596
36,100,2467.339707
44,100,2467.865824
38,100,2468.413949
31,100,2468.532976
37,100,2469.105105
37,100,2469.660231
43,100,2470.241361
39,100,2470.792485
39,100,2470.915514
52,100,2471.432631
31,100,2471.942745
37,100,2472.45186
46,100,2472.564886
49,100,2473.076001
41,100,2473.587117
46,100,2474.100232
42,100,2474.610348
34,100,2474.720372
46,100,2475.234488
41,100,2475.744604
45,100,2476.254719
44,100,2476.763841
42,100,2476.87786
44,100,2477.390975
33,100,2477.902091
35,100,2478.413205
39,100,2478.524231
34,100,2479.037347
32,100,2479.545461
37,100,2480.057577
41,100,2480.567692
48,100,2480.679717
46,100,2481.192833
45,100,2481.701948
41,100,2482.212063
40,100,2482.321087
39,100,2482.835203
36,100,2483.345319
39,100,2483.855433
33,100,2484.364548
37,100,2484.478574
48,100,2484.99069
41,100,2485.498804
41,100,2486.008919
33,100,2486.119945
45,100,2486.639062
32,100,2487.153178
40,100,2487.665293
37,100,2488.173408
38,100,2488.287434
40,100,2488.80155
39,100,2489.309664
46,100,2489.823781
51,100,2490.331894
33,100,2490.44392
38,100,2490.956036
44,100,2491.466151
41,100,2491.977266
38,100,2492.088291
32,100,2492.599407
41,100,2493.111521
48,100,2493.623638
33,100,2494.130753
32,100,2494.242778
32,100,2494.755893
38,100,2495.265008
39,100,2495.775123
41,100,2495.883148
43,100,2496.399264
38,100,2496.90938
43,100,2497.419494
39,100,2497.927609
36,100,2498.038634
42,100,2498.54975
48,100,2499.060864
33,100,2499.56898
41,100,2499.676003
42,100,2500.19212
30,100,2500.700235
39,100,2501.213351
43,100,2501.722466
37,100,2501.834491
30,100,2502.358609
38,100,2502.880727
42,100,2503.394843
40,100,2503.902956
42,100,2504.014983
45,100,2504.528099
42,100,2505.038213
39,100,2505.548329
49,100,2505.659353
39,100,2506.172469
40,100,2506.681585
45,100,2507.1937
46,100,2507.701815
37,100,2507.81684
41,100,2508.327956
42,100,2508.840071
44,100,2509.352187
47,100,2509.462212
41,100,2509.977328
33,100,2510.487443
27,100,2510.998559
37,100,2511.508673
42,100,2511.618698
42,100,2512.131814
39,100,2512.64393
40,100,2513.155045
38,100,2513.26407
43,100,2513.772184
39,100,2514.280298
37,100,2514.790414
33,100,2515.298528
33,100,2515.408554
43,100,2515.922669
28,100,2516.430784
46,100,2516.939898
38,100,2517.447013
37,100,2517.560039
37,100,2518.077155
51,100,2518.612276
40,100,2519.129393
44,100,2519.240418
42,100,2519.754534
48,100,2520.264649
40,100,2520.773764
42,100,2521.28688
42,100,2521.397905
34,100,2521.911021
48,100,2522.420136
42,100,2522.942253
43,100,2523.055279
46,100,2523.568395
38,100,2524.07851
38,100,2524.588624
29,100,2525.09674
42,100,2525.207764
44,100,2525.71988
42,100,2526.229995
43,100,2526.73911
44,100,2526.850136
37,100,2527.361251
43,100,2527.872366
47,100,2528.382481
37,100,2528.890596
44,100,2529.002621
41,100,2529.514736
42,100,2530.024852
44,100,2530.541969
37,100,2531.051083
35,100,2531.164109
35,100,2531.678225
30,100,2532.18834
43,100,2532.696455
43,100,2532.80848
46,100,2533.321596
43,100,2533.831711
45,100,2534.350828
46,100,2534.880947
38,100,2534.993972
46,100,2535.505089
37,100,2536.015203
45,100,2536.524318
34,100,2536.635343
41,100,2537.146459
46,100,2537.654573
39,100,2538.163689
37,100,2538.670803
37,100,2538.783829
44,100,2539.297944
41,100,2539.81006
40,100,2540.322176
44,100,2540.4312
36,100,2540.941315
41,100,2541.45143
41,100,2541.961545
38,100,2542.46966
37,100,2542.580685
40,100,2543.0928
44,100,2543.601915
41,100,2544.112031
36,100,2544.620146
42,100,2544.734171
46,100,2545.249287
41,100,2545.759403
42,100,2546.267517
39,100,2546.377542
44,100,2546.890658
42,100,2547.399773
39,100,2547.908887
42,100,2548.422003
45,100,2548.535029
32,100,2549.051145
45,100,2549.56026
40,100,2550.073376
45,100,2550.187401
37,100,2550.731524
44,100,2551.243639
42,100,2551.753755
39,100,2552.26287
39,100,2552.372895
37,100,2552.887011
35,100,2553.399126
40,100,2553.910241
38,100,2554.021267
36,100,2554.530381
33,100,2555.042497
46,100,2555.551612
43,100,2556.060727
44,100,2556.171752
44,100,2556.685869
39,100,2557.193983
38,100,2557.704098
38,100,2558.213212
43,100,2558.325238
44,100,2558.839354
46,100,2559.349469
39,100,2559.857584
46,100,2559.967608
37,100,2560.479724
41,100,2560.989839
41,100,2561.498955
39,100,2562.008068
34,100,2562.122095
32,100,2562.63621
41,100,2563.146338
37,100,2563.65644
37,100,2563.770466
50,100,2564.287584
45,100,2564.797699
44,100,2565.309814
38,100,2565.821929
41,100,2565.932955
42,100,2566.458073
34,100,2566.990193
39,100,2567.499307
44,100,2567.610333
40,100,2568.124449
45,100,2568.642566
35,100,2569.153681
42,100,2569.664797
40,100,2569.780823
38,100,2570.29894
47,100,2570.810055
41,100,2571.321171
41,100,2571.828284
46,100,2571.939312
44,100,2572.451426
41,100,2572.96254
41,100,2573.473656
41,100,2573.583681
43,100,2574.098798
36,100,2574.608912
28,100,2575.118027
39,100,2575.629143
45,100,2575.738167
42,100,2576.252283
38,100,2576.763399
39,100,2577.272513
45,100,2577.382538
38,100,2577.895654
32,100,2578.40977
38,100,2578.919885
36,100,2579.432
40,100,2579.544026
40,100,2580.058142
46,100,2580.568257
38,100,2581.078372
44,100,2581.189397
42,100,2581.699512
39,100,2582.216629
39,100,2582.740747
35,100,2583.253863
40,100,2583.364888
44,100,2583.876003
30,100,2584.386119
40,100,2584.895233
43,100,2585.403348
39,100,2585.515373
44,100,2586.028489
41,100,2586.535603
41,100,2587.043718
35,100,2587.154743
38,100,2587.665858
42,100,2588.175974
37,100,2588.686089
50,100,2589.200205
45,100,2589.31123
43,100,2589.832347
46,100,2590.342462
37,100,2590.851577
42,100,2590.960602
42,100,2591.473718
33,100,2591.982833
42,100,2592.490947
40,100,2592.999062
52,100,2593.109087
37,100,2593.621203
35,100,2594.129317
40,100,2594.669439
36,100,2594.807471
43,100,2595.33859
42,100,2595.859707
37,100,2596.430836
48,100,2597.151
35,100,2597.312035
45,100,2598.027196
41,100,2598.553315
42,100,2599.065431
40,100,2599.556541
42,100,2599.668567
31,100,2600.165679
41,100,2600.666793
41,100,2601.161904
41,100,2601.27493
40,100,2601.770041
40,100,2602.262152
39,100,2602.756264
37,100,2603.251375
40,100,2603.367402
42,100,2603.863514
45,100,2604.356625
39,100,2604.849735
52,100,2604.960761
45,100,2605.456873
41,100,2605.947984
46,100,2606.446096
43,100,2606.937207
43,100,2607.048233
42,100,2607.542344
36,100,2608.033455
47,100,2608.529566
41,100,2608.638591
33,100,2609.133703
43,100,2609.631816
40,100,2610.292966
49,100,2610.8981
32,100,2611.018127
41,100,2611.51624
40,100,2612.011352
38,100,2612.504464
48,100,2613.006576
51,100,2613.126604
36,100,2613.656724
36,100,2614.179841
46,100,2614.719963
42,100,2614.87352
34,100,2615.419112
35,100,2615.965236
34,100,2616.533363
36,100,2617.116494
41,100,2617.246524
43,100,2617.809651
37,100,2618.326768
40,100,2618.828881
36,100,2618.939907
35,100,2619.44402
46,100,2619.946134
43,100,2620.446247
28,100,2620.955361
48,100,2621.072388
37,100,2621.581503
43,100,2622.085616
40,100,2622.582729
40,100,2622.693754
37,100,2623.194867
35,100,2623.707982
44,100,2624.230101
48,100,2624.745218
36,100,2624.867244
47,100,2625.394362
35,100,2625.908478
38,100,2626.407591
46,100,2626.906703
47,100,2627.02173
40,100,2627.533846
41,100,2628.050962
40,100,2628.566078
42,100,2628.696107
39,100,2629.225227
40,100,2629.726341
40,100,2630.25246
49,100,2630.792581
42,100,2630.906607
33,100,2631.419723
38,100,2631.94484
42,100,2632.464958
41,100,2632.575984
42,100,2633.074096
39,100,2633.571208
38,100,2634.06632
44,100,2634.559431
43,100,2634.670456
46,100,2635.171569
41,100,2635.669682
39,100,2636.165794
45,100,2636.276819
42,100,2636.780948
44,100,2637.311067
42,100,2637.819181
49,100,2638.318666
35,100,2638.441694
46,100,2638.960811
39,100,2639.466925
44,100,2639.967038
49,100,2640.46515
36,100,2640.578177
42,100,2641.08329
38,100,2641.580402
34,100,2642.083515
44,100,2642.198542
39,100,2642.72566
36,100,2643.250779
38,100,2643.757894
45,100,2644.259007
41,100,2644.372032
41,100,2644.867144
38,100,2645.359254
45,100,2645.855367
34,100,2645.978395
43,100,2646.505514
50,100,2647.026631
41,100,2647.525744
44,100,2648.031858
53,100,2648.142883
37,100,2648.647997
44,100,2649.144109
37,100,2649.644222
43,100,2649.761249
35,100,2650.25736
46,100,2650.781479
41,100,2651.309598
34,100,2651.877725
42,100,2651.994752
33,100,2652.51887
34,100,2653.047515
41,100,2653.667655
38,100,2654.226629
50,100,2654.349623
36,100,2654.872017
41,100,2655.382577
37,100,2655.896969
36,100,2656.014405
40,100,2656.53852
46,100,2657.056504
43,100,2657.56547
43,100,2658.079866
43,100,2658.196856
43,100,2658.731845
50,100,2659.261039
39,100,2659.786804
43,100,2659.905794
36,100,2660.422794
49,100,2660.937314
43,100,2661.449282
46,100,2661.976675
36,100,2662.096251
42,100,2662.637654
42,100,2663.168618
50,100,2663.684301
42,100,2663.802589
40,100,2664.315581
43,100,2664.828122
44,100,2665.344111
42,100,2665.857491
44,100,2665.982115
41,100,2666.505039
44,100,2667.017021
50,100,2667.527411
42,100,2668.034978
41,100,2668.151384
46,100,2668.663956
39,100,2669.176913
37,100,2669.691699
43,100,2669.813328
38,100,2670.328861
52,100,2670.84184
41,100,2671.354809
32,100,2671.863927
41,100,2671.980843
40,100,2672.493783
38,100,2673.003522
34,100,2673.515706
40,100,2673.633703
49,100,2674.146688
34,100,2674.665665
43,100,2675.260635
36,100,2675.794608
43,100,2675.927602
36,100,2676.5006
37,100,2677.040569
41,100,2677.661406
38,100,2677.77398
38,100,2678.277908
43,100,2678.807829
33,100,2679.305854
45,100,2679.806134
34,100,2679.921592
36,100,2680.426801
45,100,2680.925776
38,100,2681.527788
41,100,2682.095718
44,100,2682.224296
40,100,2682.756216
49,100,2683.314668
34,100,2683.837229
45,100,2683.953222
45,100,2684.465565
38,100,2684.977168
39,100,2685.48756
41,100,2685.997535
41,100,2686.115106
42,100,2686.630579
40,100,2687.141091
38,100,2687.64804
39,100,2687.762167
39,100,2688.275005
42,100,2688.787986
36,100,2689.307395
43,100,2689.819933
39,100,2689.936729
35,100,2690.450739
38,100,2690.9643
46,100,2691.477595
40,100,2691.595849
45,100,2692.107881
34,100,2692.620647
41,100,2693.142916
46,100,2693.714753
42,100,2693.837436
40,100,2694.357718
35,100,2694.891862
41,100,2695.402671
39,100,2695.913643
43,100,2696.029628
40,100,2696.543613
48,100,2697.079593
39,100,2697.612576
45,100,2697.741565
38,100,2698.294534
36,100,2698.812525
40,100,2699.327147
44,100,2699.868468
46,100,2700.001473
35,100,2700.553846
42,100,2701.089811
44,100,2701.606308
40,100,2701.740297
43,100,2702.306754
41,100,2702.839315
36,100,2703.41472
38,100,2703.940783
44,100,2704.077701
39,100,2704.615782
40,100,2705.128898
48,100,2705.62401
43,100,2705.733035
45,100,2706.231147
35,100,2706.733259
50,100,2707.235373
40,100,2707.731486
40,100,2707.845511
48,100,2708.37263
40,100,2708.981021
46,100,2709.556429
47,100,2710.117474
48,100,2710.264399
40,100,2710.833359
45,100,2711.378918
47,100,2711.923881
46,100,2712.049889
41,100,2712.601271
39,100,2713.13982
37,100,2713.687238
48,100,2714.23877
40,100,2714.355205
43,100,2714.875739
36,100,2715.395143
40,100,2715.909136
34,100,2716.02811
40,100,2716.551612
36,100,2717.066053
35,100,2717.581173
47,100,2718.095004
45,100,2718.214003
36,100,2718.736985
34,100,2719.252947
45,100,2719.771941
48,100,2719.889939
45,100,2720.414486
42,100,2720.935141
43,100,2721.455852
39,100,2721.968395
46,100,2722.084395
49,100,2722.603793
46,100,2723.119765
44,100,2723.631845
38,100,2724.151299
44,100,2724.271288
40,100,2724.791691
40,100,2725.306114
41,100,2725.820219
27,100,2725.938206
38,100,2726.479193
41,100,2727.013174
42,100,2727.532145
48,100,2728.048134
40,100,2728.166806
39,100,2728.685084
33,100,2729.197413
39,100,2729.716036
47,100,2729.834445
50,100,2730.352241
36,100,2730.863981
37,100,2731.378078
43,100,2731.892927
32,100,2732.010921
44,100,2732.525
42,100,2733.03968
42,100,2733.550857
46,100,2733.669855
42,100,2734.18282
38,100,2734.695799
42,100,2735.212774
40,100,2735.724752
37,100,2735.842745
39,100,2736.360132
36,100,2736.88112
47,100,2737.396672
48,100,2737.908258
39,100,2738.029641
42,100,2738.545722
40,100,2739.063058
33,100,2739.575231
42,100,2739.695977
39,100,2740.216045
41,100,2740.727929
41,100,2741.242925
41,100,2741.759459
41,100,2741.876461
37,100,2742.403848
40,100,2742.936832
36,100,2743.447819
41,100,2743.567376
43,100,2744.08887
42,100,2744.603339
40,100,2745.121891
35,100,2745.635907
34,100,2745.75729
47,100,2746.273299
40,100,2746.787816
46,100,2747.301638
47,100,2747.424186
39,100,2747.940167
42,100,2748.455149
33,100,2748.971124
48,100,2749.488092
34,100,2749.606084
41,100,2750.145086
39,100,2750.658037
40,100,2751.201009
34,100,2751.758986
43,100,2751.893977
40,100,2752.443957
45,100,2752.984939
37,100,2753.522332
45,100,2753.656896
32,100,2754.201873
37,100,2754.739263
52,100,2755.274832
49,100,2755.823793
37,100,2755.953784
48,100,2756.471765
47,100,2756.985743
48,100,2757.499497
33,100,2757.618717
47,100,2758.135238
44,100,2758.66565
37,100,2759.183629
41,100,2759.698044
39,100,2759.817022
39,100,2760.330575
45,100,2760.842291
42,100,2761.358527
36,100,2761.476519
48,100,2761.992498
43,100,2762.503476
34,100,2763.019867
56,100,2763.534847
42,100,2763.659418
44,100,2764.178814
33,100,2764.693366
41,100,2765.209349
38,100,2765.726741
38,100,2765.848736
47,100,2766.367712
40,100,2766.887835
45,100,2767.400257
39,100,2767.520226
46,100,2768.037214
37,100,2768.553185
42,100,2769.105236
40,100,2769.659151
35,100,2769.798992
36,100,2770.342544
36,100,2770.878482
41,100,2771.417208
39,100,2771.546463
46,100,2772.086998
28,100,2772.625025
40,100,2773.163745
40,100,2773.700179
45,100,2773.83193
34,100,2774.387243
45,100,2774.941885
46,100,2775.455857
38,100,2775.57636
40,100,2776.092831
44,100,2776.605815
46,100,2777.120785
39,100,2777.634173
39,100,2777.755749
39,100,2778.271732
43,100,2778.786703
46,100,2779.299091
28,100,2779.813068
40,100,2779.930645
33,100,2780.45062
42,100,2780.963602
43,100,2781.474987
37,100,2781.593983
41,100,2782.147007
42,100,2782.713524
39,100,2783.271906
41,100,2783.810893
49,100,2783.945884
35,100,2784.521855
43,100,2785.053401
35,100,2785.571877
44,100,2785.692792
46,100,2786.215762
36,100,2786.733746
37,100,2787.247304
31,100,2787.7597
35,100,2787.875698
40,100,2788.391236
42,100,2788.904219
40,100,2789.419613
48,100,2789.537624
42,100,2790.053171
35,100,2790.580138
38,100,2791.109115
36,100,2791.622094
47,100,2791.741085
41,100,2792.264023
41,100,2792.779038
40,100,2793.292009
29,100,2793.80743
54,100,2793.928978
49,100,2794.447962
36,100,2794.965935
37,100,2795.482088
40,100,2795.600901
47,100,2796.114882
37,100,2796.632859
39,100,2797.151251
33,100,2797.664794
43,100,2797.781789
45,100,2798.294777
38,100,2798.80775
43,100,2799.319736
37,100,2799.437519
30,100,2799.952108
38,100,2800.462086
45,100,2800.977058
41,100,2801.493049
38,100,2801.611612
49,100,2802.130005
52,100,2802.643563
48,100,2803.158538
42,100,2803.275949
46,100,2803.792478
43,100,2804.30549
42,100,2804.819474
41,100,2805.333851
28,100,2805.452868
38,100,2805.969405
47,100,2806.497382
35,100,2807.027776
35,100,2807.542038
35,100,2807.659318
39,100,2808.174299
44,100,2808.686699
43,100,2809.205254
46,100,2809.330245
36,100,2809.84822
47,100,2810.363197
40,100,2810.88017
44,100,2811.39256
40,100,2811.514137
35,100,2812.029116
45,100,2812.550094
35,100,2813.062066
40,100,2813.180067
38,100,2813.697036
47,100,2814.209029
40,100,2814.72599
43,100,2815.246955
37,100,2815.392763
44,100,2815.945937
44,100,2816.457907
40,100,2816.976891
39,100,2817.09489
38,100,2817.611854
42,100,2818.124827
40,100,2818.6418
41,100,2819.154868
36,100,2819.277768
44,100,2819.798751
37,100,2820.314139
42,100,2820.828692
39,100,2821.348093
42,100,2821.467107
40,100,2821.988065
33,100,2822.52404
38,100,2823.059004
42,100,2823.179579
38,100,2823.698567
40,100,2824.212952
32,100,2824.72695
39,100,2825.237918
46,100,2825.356902
46,100,2825.87447
39,100,2826.386984
38,100,2826.903238
37,100,2827.024405
45,100,2827.539796
39,100,2828.054288
37,100,2828.565755
42,100,2829.080314
37,100,2829.200295
42,100,2829.720056
44,100,2830.23715
37,100,2830.751897
37,100,2830.871239
41,100,2831.385983
44,100,2831.902611
41,100,2832.418561
37,100,2832.933132
39,100,2833.051826
31,100,2833.56951
34,100,2834.083065
40,100,2834.597789
43,100,2835.109026
41,100,2835.231028
44,100,2835.751943
37,100,2836.264984
42,100,2836.776942
36,100,2836.897274
40,100,2837.411912
40,100,2837.925941
41,100,2838.449867
39,100,2838.982017
40,100,2839.102832
34,100,2839.626601
40,100,2840.142607
38,100,2840.657766
43,100,2840.776748
41,100,2841.292892
41,100,2841.807121
40,100,2842.322095
41,100,2842.833666
45,100,2842.952412
38,100,2843.467354
47,100,2843.980014
48,100,2844.493058
44,100,2844.61398
43,100,2845.128549
41,100,2845.642516
37,100,2846.153492
41,100,2846.668914
43,100,2846.787885
40,100,2847.305052
43,100,2847.821409
42,100,2848.337391
36,100,2848.853215
42,100,2848.973988
37,100,2849.492767
32,100,2850.009906
38,100,2850.525989
40,100,2850.643868
46,100,2851.18827
36,100,2851.714646
44,100,2852.268629
43,100,2852.796886
43,100,2852.927861
41,100,2853.47816
40,100,2854.040133
48,100,2854.63409
33,100,2854.776091
37,100,2855.335796
42,100,2855.907035
43,100,2856.439001
36,100,2856.976953
41,100,2857.105535
37,100,2857.628788
41,100,2858.148861
38,100,2858.666236
42,100,2858.785046
37,100,2859.301253
37,100,2859.817844
42,100,2860.336876
47,100,2860.851052
51,100,2860.970306
50,100,2861.487767
40,100,2862.004175
42,100,2862.516132
43,100,2863.029108
43,100,2863.149689
39,100,2863.664078
39,100,2864.177068
38,100,2864.691608
44,100,2864.811017
40,100,2865.328005
36,100,2865.842558
34,100,2866.356333
41,100,2866.86899
42,100,2866.990624
43,100,2867.517897
38,100,2868.034495
43,100,2868.549848
40,100,2868.669175
38,100,2869.20519
42,100,2869.721936
40,100,2870.242769
37,100,2870.787109
44,100,2870.905334
39,100,2871.42429
38,100,2871.939262
44,100,2872.452238
47,100,2872.570168
38,100,2873.08122
38,100,2873.594189
38,100,2874.109322
50,100,2874.622553
33,100,2874.738557
46,100,2875.254899
37,100,2875.769496
40,100,2876.285867
41,100,2876.802027
32,100,2876.923248
40,100,2877.44419
40,100,2877.960887
38,100,2878.482875
41,100,2878.605338
43,100,2879.121908
40,100,2879.640957
42,100,2880.153892
36,100,2880.664855
39,100,2880.782841
38,100,2881.295832
43,100,2881.80921
43,100,2882.318192
46,100,2882.436764
41,100,2882.951741
40,100,2883.464712
39,100,2883.979121
41,100,2884.490085
36,100,2884.607661
49,100,2885.124811
43,100,2885.640647
40,100,2886.15575
46,100,2886.282947
40,100,2886.821975
38,100,2887.334102
39,100,2887.846446
36,100,2888.358506
53,100,2888.476903
36,100,2888.994871
49,100,2889.509856
42,100,2890.025821
37,100,2890.538361
45,100,2890.660375
42,100,2891.177369
42,100,2891.686749
33,100,2892.201296
42,100,2892.320715
47,100,2892.835871
39,100,2893.349248
43,100,2893.865671
42,100,2894.37659
38,100,2894.496614
46,100,2895.017173
45,100,2895.532124
48,100,2896.048115
33,100,2896.165843
45,100,2896.685979
41,100,2897.197035
44,100,2897.716632
44,100,2898.233055
42,100,2898.353042
37,100,2898.870979
42,100,2899.387959
44,100,2899.904952
41,100,2900.021933
48,100,2900.535352
50,100,2901.04489
41,100,2901.55787
33,100,2902.070247
45,100,2902.191833
42,100,2902.72824
42,100,2903.246773
39,100,2903.759753
44,100,2904.273718
35,100,2904.393009
44,100,2904.913117
33,100,2905.428087
41,100,2905.940064
38,100,2906.059037
39,100,2906.580952
39,100,2907.097858
40,100,2907.613529
44,100,2908.128768
39,100,2908.246956
34,100,2908.766939
49,100,2909.282485
32,100,2909.797767
34,100,2909.916883
47,100,2910.43787
44,100,2910.953404
33,100,2911.466406
42,100,2911.979793
34,100,2912.097773
41,100,2912.615765
46,100,2913.132862
35,100,2913.649274
45,100,2913.767519
35,100,2914.286208
46,100,2914.804122
41,100,2915.318192
38,100,2915.834592
35,100,2915.952763
39,100,2916.471791
44,100,2916.987013
48,100,2917.502038
40,100,2918.014132
33,100,2918.132072
43,100,2918.680045
38,100,2919.203021
46,100,2919.715991
42,100,2919.832982
45,100,2920.353959
37,100,2920.866939
43,100,2921.379907
36,100,2921.891906
38,100,2922.010881
41,100,2922.530868
35,100,2923.045333
42,100,2923.560879
46,100,2923.679833
38,100,2924.199782
36,100,2924.718751
48,100,2925.263479
47,100,2925.825136
37,100,2925.947698
45,100,2926.467986
37,100,2926.992065
50,100,2927.52538
38,100,2927.648611
41,100,2928.189596
41,100,2928.737999
42,100,2929.247186
40,100,2929.767304
45,100,2929.88733
42,100,2930.396445
40,100,2930.899558
46,100,2931.448612
37,100,2931.97373
40,100,2932.085755
41,100,2932.59687
38,100,2933.094983
34,100,2933.607099
35,100,2933.729126
46,100,2934.262247
44,100,2934.791365
30,100,2935.287477
40,100,2935.806595
44,100,2935.933624
41,100,2936.479748
50,100,2936.973859
46,100,2937.539986
46,100,2937.667015
45,100,2938.213139
42,100,2938.755261
43,100,2939.253373
41,100,2939.749485
46,100,2939.86251
41,100,2940.358623
47,100,2940.855735
39,100,2941.351845
36,100,2941.46287
51,100,2941.958983
41,100,2942.471098
33,100,2942.983214
40,100,2943.479326
39,100,2943.591351
34,100,2944.093464
33,100,2944.589576
39,100,2945.084973
37,100,2945.582085
31,100,2945.693109
42,100,2946.251235
41,100,2946.805361
37,100,2947.313475
42,100,2947.426501
43,100,2947.962622
37,100,2948.479738
37,100,2948.984852
48,100,2949.507971
36,100,2949.645975
41,100,2950.171093
36,100,2950.723219
41,100,2951.250336
47,100,2951.365363
42,100,2951.868477
41,100,2952.366589
41,100,2952.864702
47,100,2953.373816
42,100,2953.491842
58,100,2953.996957
33,100,2954.511072
43,100,2955.057199
38,100,2955.173225
37,100,2955.700344
35,100,2956.223462
36,100,2956.730576
33,100,2957.232689
40,100,2957.349716
46,100,2957.895536
38,100,2958.453681
44,100,2958.985801
42,100,2959.493916
40,100,2959.627946
49,100,2960.138062
36,100,2960.640175
40,100,2961.143288
39,100,2961.255313
38,100,2961.793434
41,100,2962.332556
39,100,2962.858675
34,100,2963.378793
36,100,2963.49982
42,100,2963.996932
46,100,2964.491044
45,100,2964.989156
41,100,2965.098181
46,100,2965.594292
44,100,2966.089404
46,100,2966.608521
46,100,2967.109634
42,100,2967.219659
40,100,2967.716772
39,100,2968.211883
39,100,2968.707995
30,100,2968.81902
38,100,2969.313132
47,100,2969.810244
45,100,2970.304356
44,100,2970.801468
36,100,2970.911492
43,100,2971.409605
42,100,2971.904716
43,100,2972.397828
43,100,2972.888948
42,100,2973.002964
46,100,2973.519081
31,100,2974.09021
51,100,2974.58132
44,100,2974.692346
40,100,2975.187457
38,100,2975.679568
40,100,2976.17068
40,100,2976.66279
42,100,2976.773815
46,100,2977.269927
41,100,2977.766039
49,100,2978.25715
46,100,2978.367175
36,100,2978.863286
42,100,2979.354398
43,100,2979.845508
44,100,2980.34062
39,100,2980.451645
39,100,2980.948757
45,100,2981.443869
42,100,2981.93598
40,100,2982.046005
46,100,2982.55912
47,100,2983.069236
52,100,2983.562347
39,100,2984.054458
36,100,2984.165483
38,100,2984.664596
46,100,2985.16971
41,100,2985.663821
45,100,2986.154932
39,100,2986.266957
43,100,2986.76407
48,100,2987.258181
37,100,2987.752293
44,100,2987.862318
43,100,2988.36043
41,100,2988.862543
42,100,2989.38066
37,100,2989.902777
43,100,2990.012803
50,100,2990.512915
41,100,2991.040034
35,100,2991.535146
43,100,2991.647171
41,100,2992.169289
44,100,2992.682405
44,100,2993.178517
40,100,2993.675629
38,100,2993.789655
44,100,2994.30177
43,100,2994.825888
44,100,2995.338004
44,100,2995.456031
38,100,2995.952143
42,100,2996.449255
43,100,2996.941366
37,100,2997.436478
37,100,2997.547503
45,100,2998.047616
47,100,2998.565733
50,100,2999.091851
44,100,2999.603966
48,100,2999.722994
47,100,3000.222106
44,100,3000.72722
36,100,3001.235335
42,100,3001.366365
41,100,3001.906485
33,100,3002.464613
37,100,3003.008735
36,100,3003.52085
37,100,3003.636877
45,100,3004.13699
40,100,3004.637103
41,100,3005.139216
38,100,3005.260243
47,100,3005.772359
39,100,3006.279473
39,100,3006.783587
50,100,3007.287701
32,100,3007.402726
45,100,3007.90784
44,100,3008.405953
34,100,3008.915068
47,100,3009.026093
43,100,3009.537208
34,100,3010.049324
48,100,3010.551437
38,100,3011.045548
43,100,3011.159575
46,100,3011.663688
46,100,3012.164801
44,100,3012.665914
40,100,3013.162025
41,100,3013.273051
38,100,3013.770163
39,100,3014.269276
36,100,3014.791394
41,100,3014.901419
43,100,3015.398531
48,100,3015.893642
34,100,3016.387754
42,100,3016.886866
43,100,3016.997891
41,100,3017.494004
37,100,3017.989115
46,100,3018.481226
40,100,3018.592252
42,100,3019.088363
47,100,3019.581475
34,100,3020.083588
42,100,3020.576699
36,100,3020.686724
43,100,3021.185837
45,100,3021.697952
40,100,3022.209067
34,100,3022.320093
39,100,3022.824206
35,100,3023.334321
38,100,3023.846437
48,100,3024.34755
36,100,3024.461575
39,100,3024.961689
38,100,3025.4558
39,100,3025.949912
29,100,3026.462027
46,100,3026.580054
43,100,3027.081167
47,100,3027.575279
37,100,3028.087394
47,100,3028.205421
43,100,3028.702533
39,100,3029.205647
42,100,3029.715762
42,100,3030.221876
44,100,3030.338902
45,100,3030.866021
49,100,3031.370135
43,100,3031.867247
31,100,3031.978272
38,100,3032.475384
35,100,3032.968496
44,100,3033.47561
37,100,3033.971722
46,100,3034.080746
49,100,3034.576859
45,100,3035.07297
38,100,3035.567082
50,100,3035.678107
51,100,3036.172218
42,100,3036.676332
47,100,3037.170444
36,100,3037.672557
42,100,3037.796585
36,100,3038.297698
44,100,3038.808813
43,100,3039.304925
45,100,3039.796036
45,100,3039.907061
36,100,3040.405174
41,100,3040.899285
31,100,3041.392396
36,100,3041.504421
40,100,3042.008534
44,100,3042.502646
41,100,3042.998759
36,100,3043.490869
43,100,3043.603895
44,100,3044.145018
43,100,3044.657132
45,100,3045.158246
33,100,3045.269271
43,100,3045.769384
42,100,3046.277498
42,100,3046.812619
49,100,3047.322733
39,100,3047.43476
48,100,3047.940873
39,100,3048.455991
42,100,3048.952102
45,100,3049.062127
45,100,3049.593247
40,100,3050.09636
34,100,3050.603475
46,100,3051.100587
42,100,3051.213613
33,100,3051.717726
43,100,3052.211838
34,100,3052.733956
46,100,3053.239069
35,100,3053.353095
36,100,3053.852208
48,100,3054.346318
41,100,3054.842431
41,100,3054.955457
42,100,3055.464571
34,100,3055.976687
38,100,3056.483802
45,100,3056.980914
47,100,3057.089938
35,100,3057.591052
46,100,3058.090164
41,100,3058.60328
38,100,3058.714305
37,100,3059.212417
41,100,3059.706528
46,100,3060.206641
45,100,3060.717757
43,100,3060.836784
44,100,3061.3529
43,100,3061.859014
50,100,3062.368129
39,100,3062.496158
32,100,3063.013274
48,100,3063.510387
37,100,3064.007499
39,100,3064.522615
37,100,3064.639642
39,100,3065.140755
31,100,3065.644402
49,100,3066.152517
38,100,3066.646628
43,100,3066.763655
42,100,3067.263768
40,100,3067.765881
49,100,3068.258992
45,100,3068.369017
40,100,3068.862128
48,100,3069.35624
39,100,3069.866355
46,100,3070.362466
38,100,3070.474492
39,100,3070.975605
32,100,3071.468716
35,100,3071.961828
45,100,3072.073853
38,100,3072.570965
36,100,3073.070078
39,100,3073.572191
41,100,3074.083307
38,100,3074.199332
44,100,3074.708448
39,100,3075.210562
43,100,3075.715675
47,100,3075.835701
41,100,3076.340815
43,100,3076.853931
44,100,3077.401055
41,100,3077.964182
46,100,3078.08721
42,100,3078.634333
33,100,3079.169454
45,100,3079.684571
35,100,3080.263701
42,100,3080.380728
39,100,3080.887841
38,100,3081.383954
45,100,3081.877065
34,100,3081.98909
43,100,3082.489203
50,100,3082.986316
46,100,3083.481427
41,100,3083.975538
42,100,3084.086564
41,100,3084.613682
43,100,3085.26783
44,100,3085.868965
38,100,3086.053006
36,100,3086.623136
45,100,3087.122249
39,100,3087.61436
46,100,3088.107471
38,100,3088.220496
51,100,3088.720609
48,100,3089.217721
38,100,3089.875869
44,100,3089.996897
45,100,3090.58703
39,100,3091.145156
39,100,3091.718285
36,100,3092.235402
35,100,3092.346428
41,100,3092.84554
47,100,3093.485685
43,100,3094.163837
35,100,3094.685955
42,100,3094.803982
38,100,3095.451128
39,100,3096.114278
50,100,3096.61139
48,100,3096.721415
40,100,3097.243152
31,100,3097.875293
37,100,3098.412416
41,100,3098.926531
38,100,3099.044558
39,100,3099.571677
45,100,3100.107798
42,100,3100.730938
42,100,3100.878972
32,100,3101.393088
41,100,3102.013228
48,100,3102.507339
39,100,3103.015454
45,100,3103.148484
36,100,3103.804632
41,100,3104.508791
39,100,3105.105925
42,100,3105.214951
39,100,3105.714063
49,100,3106.255185
37,100,3106.790305
43,100,3107.294419
36,100,3107.414447
30,100,3107.936565
40,100,3108.44668
46,100,3108.960796
41,100,3109.47191
44,100,3109.589938
38,100,3110.120222
41,100,3110.694352
34,100,3111.207467
40,100,3111.323494
34,100,3111.832609
35,100,3112.333721
43,100,3112.922855
41,100,3113.424968
43,100,3113.544995
39,100,3114.062112
44,100,3114.566226
43,100,3115.094417
31,100,3115.214443
41,100,3115.746934
37,100,3116.252047
36,100,3116.751161
43,100,3117.269278
40,100,3117.383303
38,100,3117.892418
37,100,3118.408534
44,100,3118.92165
46,100,3119.041677
45,100,3119.561794
44,100,3120.101917
40,100,3120.665044
40,100,3121.204165
33,100,3121.315191
34,100,3121.850311
44,100,3122.390433
48,100,3122.937557
35,100,3123.451673
42,100,3123.573701
38,100,3124.085815
38,100,3124.594931
46,100,3125.136053
42,100,3125.266535
37,100,3125.798655
45,100,3126.300768
33,100,3126.823887
37,100,3127.313997
46,100,3127.427022
49,100,3127.925135
41,100,3128.440251
42,100,3128.973371
40,100,3129.086396
35,100,3129.583509
46,100,3130.101626
38,100,3130.620744
37,100,3131.142861
48,100,3131.27489
43,100,3131.80601
41,100,3132.327131
35,100,3132.831244
36,100,3132.942269
38,100,3133.507688
42,100,3134.013802
33,100,3134.508923
49,100,3135.002035
37,100,3135.11206
41,100,3135.612172
33,100,3136.113276
45,100,3136.610388
42,100,3137.122503
37,100,3137.248532
35,100,3137.759647
38,100,3138.272763
45,100,3138.812884
50,100,3138.958918
46,100,3139.50887
41,100,3140.111005
39,100,3140.616119
36,100,3141.112231
41,100,3141.227257
31,100,3141.726379
28,100,3142.249488
46,100,3142.831644
39,100,3142.954672
39,100,3143.47979
36,100,3143.970901
40,100,3144.463012
38,100,3144.958124
34,100,3145.07015
41,100,3145.625274
32,100,3146.145391
37,100,3146.743527
44,100,3146.870556
40,100,3147.408678
39,100,3147.912791
40,100,3148.422906
44,100,3148.924019
40,100,3149.056048
45,100,3149.574165
40,100,3150.079281
41,100,3150.589394
45,100,3151.097509
49,100,3151.218537
47,100,3151.739654
44,100,3152.255771
37,100,3152.766887
53,100,3152.876911
36,100,3153.376033
40,100,3153.879145
35,100,3154.471102
37,100,3155.060234
44,100,3155.205267
39,100,3155.832408
36,100,3156.336522
42,100,3156.832634
35,100,3156.94266
39,100,3157.441772
37,100,3157.937884
36,100,3158.453
35,100,3158.974118
48,100,3159.101146
40,100,3159.60626
47,100,3160.104373
41,100,3160.656497
48,100,3160.798529
41,100,3161.341652
39,100,3161.838764
43,100,3162.359881
41,100,3162.892001
44,100,3163.021032
42,100,3163.522143
43,100,3164.017255
38,100,3164.511367
43,100,3164.999487
41,100,3165.111512
46,100,3165.606624
42,100,3166.114729
38,100,3166.619843
43,100,3166.734869
40,100,3167.237982
45,100,3167.736094
42,100,3168.230216
42,100,3168.728328
39,100,3168.843345
44,100,3169.348458
47,100,3169.850572
40,100,3170.357687
42,100,3170.477713
41,100,3170.981827
44,100,3171.490942
44,100,3171.993055
42,100,3172.49917
43,100,3172.619196
44,100,3173.122311
35,100,3173.626425
43,100,3174.126536
42,100,3174.247565
38,100,3174.784685
47,100,3175.316807
43,100,3175.888935
42,100,3176.414053
45,100,3176.527078
43,100,3177.032192
41,100,3177.649331
43,100,3178.200456
48,100,3178.755581
40,100,3178.870607
43,100,3179.476745
38,100,3180.066877
47,100,3180.646008
37,100,3180.776037
37,100,3181.370172
47,100,3181.873285
43,100,3182.370397
46,100,3182.876511
42,100,3182.992538
52,100,3183.509654
41,100,3184.012768
34,100,3184.506879
37,100,3184.619905
44,100,3185.135021
41,100,3185.66214
50,100,3186.186258
47,100,3186.703375
35,100,3186.825402
49,100,3187.335517
40,100,3188.01067
41,100,3188.566795
40,100,3188.702827
51,100,3189.261952
36,100,3189.758064
39,100,3190.260178
33,100,3190.784296
45,100,3190.902322
37,100,3191.498519
35,100,3192.187674
41,100,3192.686786
42,100,3193.195901
46,100,3193.307926
39,100,3193.819042
43,100,3194.365932
38,100,3195.071091
41,100,3195.210122
41,100,3195.718237
47,100,3196.227352
43,100,3196.740468
42,100,3197.240581
42,100,3197.356607
43,100,3197.875724
44,100,3198.372836
42,100,3198.881952
46,100,3199.002979
39,100,3199.509093
43,100,3200.004204
40,100,3200.510319
38,100,3201.027435
46,100,3201.141461
38,100,3201.648576
42,100,3202.147688
43,100,3202.666805
42,100,3202.784832
40,100,3203.305949
37,100,3203.828068
35,100,3204.357187
42,100,3204.884305
35,100,3205.000331
42,100,3205.52545
42,100,3206.056571
40,100,3206.639703
46,100,3207.233836
40,100,3207.357864
43,100,3207.885983
46,100,3208.44911
35,100,3208.948222
38,100,3209.062248
40,100,3209.563361
44,100,3210.062474
46,100,3210.651607
46,100,3211.159721
34,100,3211.289751
44,100,3211.887886
33,100,3212.388999
38,100,3212.895113
47,100,3213.019141
43,100,3213.612275
47,100,3214.1714
32,100,3214.767536
41,100,3215.284652
39,100,3215.394677
45,100,3215.900791
45,100,3216.431911
47,100,3216.95703
42,100,3217.087059
42,100,3217.617179
37,100,3218.177305
42,100,3218.795445
39,100,3219.301559
45,100,3219.411584
36,100,3219.908696
35,100,3220.406808
36,100,3220.918923
35,100,3221.439041
40,100,3221.565069
50,100,3222.149202
49,100,3222.725332
37,100,3223.316465
44,100,3223.442493
42,100,3223.967612
40,100,3224.469725
42,100,3224.983841
35,100,3225.490955
48,100,3225.616984
39,100,3226.147104
30,100,3226.699228
38,100,3227.297917
43,100,3227.450952
44,100,3228.002076
46,100,3228.526194
43,100,3229.053313
40,100,3229.549424
47,100,3229.659449
40,100,3230.158572
40,100,3230.662676
40,100,3231.162789
34,100,3231.281816
37,100,3231.777927
39,100,3232.27804
35,100,3232.835614
42,100,3233.355732
45,100,3233.474758
36,100,3233.979873
42,100,3234.498989
51,100,3235.002103
44,100,3235.512218
40,100,3235.626244
42,100,3236.128357
44,100,3236.622469
42,100,3237.11758
41,100,3237.226605
34,100,3237.723726
45,100,3238.221829
38,100,3238.742947
39,100,3239.238068
44,100,3239.350094
36,100,3239.852197
40,100,3240.366314
36,100,3240.878429
37,100,3240.993455
43,100,3241.491567
36,100,3242.011685
36,100,3242.550806
40,100,3243.067923
42,100,3243.178948
46,100,3243.685062
40,100,3244.192177
42,100,3244.706293
46,100,3244.821319
41,100,3245.338436
35,100,3245.851552
41,100,3246.364667
49,100,3246.862779
55,100,3246.971804
40,100,3247.476918
38,100,3248.006037
39,100,3248.54616
48,100,3249.143294
40,100,3249.255319
43,100,3249.873459
43,100,3250.385574
44,100,3250.963704
42,100,3251.073729
42,100,3251.64886
29,100,3252.205985
48,100,3252.801119
40,100,3253.415258
39,100,3253.535285
34,100,3254.049401
37,100,3254.688545
43,100,3255.299683
35,100,3255.424711
40,100,3255.948829
50,100,3256.543964
42,100,3257.041076
42,100,3257.536188
41,100,3257.647213
43,100,3258.252349
34,100,3258.74346
38,100,3259.239582
34,100,3259.348606
47,100,3259.936729
35,100,3260.46985
36,100,3260.964962
46,100,3261.500082
46,100,3261.647115
46,100,3262.171233
38,100,3262.734361
43,100,3263.240475
40,100,3263.731596
37,100,3263.844611
46,100,3264.426743
43,100,3264.986869
44,100,3265.486982
41,100,3265.598007
38,100,3266.10012
45,100,3266.594241
47,100,3267.094354
36,100,3267.604149
41,100,3267.731178
35,100,3268.317309
46,100,3268.916444
50,100,3269.535584
49,100,3269.646609
42,100,3270.146721
46,100,3270.684844
50,100,3271.281978
39,100,3271.894881
44,100,3272.02391
44,100,3272.555029
35,100,3273.168167
40,100,3273.669281
42,100,3273.780306
39,100,3274.297423
40,100,3274.883555
40,100,3275.464686
35,100,3275.955797
42,100,3276.066822
45,100,3276.561934
42,100,3277.107057
44,100,3277.614171
41,100,3278.120284
38,100,3278.23131
43,100,3278.728423
43,100,3279.220534
50,100,3279.714645
41,100,3279.82567
39,100,3280.324783
39,100,3280.816894
40,100,3281.309005
55,100,3281.814119
41,100,3281.925144
36,100,3282.43826
39,100,3282.945373
49,100,3283.54851
45,100,3283.662536
41,100,3284.197657
48,100,3284.809795
35,100,3285.305906
37,100,3285.81002
37,100,3285.921046
44,100,3286.453165
41,100,3286.978284
37,100,3287.552413
40,100,3287.691444
42,100,3288.211562
42,100,3288.73568
39,100,3289.260798
45,100,3289.788918
34,100,3289.912946
44,100,3290.446066
41,100,3291.042201
44,100,3291.694347
40,100,3292.3735
37,100,3292.517534
44,100,3293.082662
43,100,3293.584775
37,100,3294.083888
42,100,3294.199914
40,100,3294.700027
44,100,3295.294161
34,100,3295.854288
42,100,3296.396409
35,100,3296.542442
38,100,3297.142578
43,100,3297.691477
43,100,3298.266606
44,100,3298.379632
46,100,3298.875743
42,100,3299.372856
36,100,3299.864967
46,100,3300.361079
44,100,3300.471104
44,100,3300.982219
40,100,3301.493334
43,100,3301.993447
49,100,3302.107473
38,100,3302.634591
40,100,3303.145707
46,100,3303.64682
44,100,3304.155935
47,100,3304.266959
40,100,3304.773074
41,100,3305.277187
42,100,3305.779107
46,100,3306.427245
48,100,3306.563276
41,100,3307.141406
37,100,3307.651521
45,100,3308.273662
29,100,3308.40169
49,100,3308.93281
39,100,3309.439925
40,100,3309.943039
43,100,3310.43915
42,100,3310.551175
38,100,3311.056291
35,100,3311.558404
35,100,3312.060517
49,100,3312.170541
40,100,3312.679656
35,100,3313.182769
41,100,3313.67389
40,100,3314.166001
34,100,3314.277026
41,100,3314.78313
43,100,3315.277242
42,100,3315.769363
36,100,3315.879388
37,100,3316.372489
46,100,3316.86461
35,100,3317.35272
41,100,3317.846832
42,100,3317.956856
41,100,3318.478965
40,100,3319.086102
42,100,3319.623223
52,100,3320.131337
42,100,3320.241362
44,100,3320.738474
45,100,3321.241588
33,100,3321.904759
41,100,3322.037789
34,100,3322.581912
39,100,3323.163043
41,100,3323.670157
42,100,3324.166277
35,100,3324.278304
50,100,3324.777415
45,100,3325.28053
40,100,3325.784644
36,100,3325.896668
52,100,3326.400783
43,100,3326.900896
31,100,3327.402009
38,100,3327.904122
45,100,3328.015147
43,100,3328.522262
43,100,3329.027366
42,100,3329.522487
43,100,3329.632512
35,100,3330.127624
40,100,3330.620735
35,100,3331.224862
38,100,3331.738978
38,100,3331.876009
39,100,3332.396126
46,100,3332.931247
33,100,3333.441362
46,100,3333.937474
46,100,3334.048499
44,100,3334.574618
48,100,3335.11274
37,100,3335.659863
39,100,3335.785891
37,100,3336.35302
32,100,3336.898142
42,100,3337.453267
44,100,3337.984388
42,100,3338.104415
39,100,3338.611529
38,100,3339.114642
41,100,3339.620756
40,100,3339.735782
40,100,3340.271904
44,100,3340.811025
42,100,3341.338145
39,100,3341.918275
46,100,3342.061307
40,100,3342.611431
41,100,3343.198564
37,100,3343.706679
43,100,3343.827706
39,100,3344.351825
45,100,3344.917953
43,100,3345.443071
37,100,3345.959187
37,100,3346.092217
40,100,3346.623336
39,100,3347.169461
41,100,3347.817606
37,100,3348.358729
44,100,3348.495759
43,100,3349.081891
38,100,3349.585006
44,100,3350.091119
42,100,3350.232151
46,100,3350.901302
38,100,3351.42542
45,100,3351.949538
45,100,3352.467655
39,100,3352.589683
39,100,3353.187818
33,100,3353.711936
36,100,3354.243057
38,100,3354.357082
43,100,3354.859195
49,100,3355.356307
49,100,3355.881426
43,100,3356.43355
39,100,3356.56358
39,100,3357.095699
49,100,3357.606815
49,100,3358.115931
41,100,3358.24496
46,100,3358.763076
42,100,3359.272192
33,100,3359.814307
40,100,3360.331424
39,100,3360.441448
45,100,3360.953564
45,100,3361.450676
39,100,3361.948789
37,100,3362.455903
44,100,3362.580931
38,100,3363.094047
42,100,3363.59316
38,100,3364.091272
36,100,3364.203297
37,100,3364.709412
42,100,3365.236531
44,100,3365.782654
40,100,3366.289768
42,100,3366.407795
40,100,3366.928912
40,100,3367.424034
32,100,3367.920146
40,100,3368.030171
42,100,3368.531274
41,100,3369.041389
38,100,3369.550504
36,100,3370.058619
44,100,3370.172645
48,100,3370.681759
49,100,3371.189874
38,100,3371.692987
45,100,3371.811014
46,100,3372.309126
45,100,3372.807239
50,100,3373.312353
37,100,3373.824468
38,100,3373.945497
37,100,3374.44961
39,100,3374.955723
33,100,3375.466839
44,100,3376.05276
43,100,3376.175787
40,100,3376.709908
42,100,3377.218023
37,100,3377.715135
34,100,3377.82516
39,100,3378.330274
44,100,3378.830386
45,100,3379.338501
39,100,3379.859623
46,100,3379.989653
41,100,3380.531775
47,100,3381.047891
42,100,3381.592607
41,100,3381.73464
40,100,3382.318772
45,100,3382.836888
44,100,3383.33201
45,100,3383.82912
35,100,3383.956141
35,100,3384.476259
33,100,3384.982372
36,100,3385.484486
42,100,3385.608514
47,100,3386.108626
38,100,3386.600747
43,100,3387.092858
41,100,3387.597963
34,100,3387.71799
48,100,3388.219103
41,100,3388.717215
39,100,3389.220329
38,100,3389.744447
37,100,3389.869475
46,100,3390.389593
38,100,3390.899708
35,100,3391.403821
34,100,3391.521848
48,100,3392.043966
47,100,3392.545079
40,100,3393.064196
36,100,3393.581312
36,100,3393.698339
42,100,3394.225458
41,100,3394.735573
40,100,3395.246688
42,100,3395.356713
43,100,3395.87283
42,100,3396.387946
37,100,3396.89706
44,100,3397.404175
37,100,3397.524204
40,100,3398.078327
48,100,3398.646456
41,100,3399.249621
47,100,3399.385651
33,100,3399.991788
35,100,3400.546916
35,100,3401.077038
36,100,3401.61416
41,100,3401.730186
33,100,3402.252303
39,100,3402.755417
37,100,3403.260531
34,100,3403.802987
39,100,3403.917013
49,100,3404.419127
39,100,3404.944244
41,100,3405.459361
42,100,3405.571386
48,100,3406.0795
40,100,3406.591618
36,100,3407.106733
42,100,3407.623999
33,100,3407.741025
36,100,3408.272146
42,100,3408.806271
43,100,3409.325388
44,100,3409.446415
41,100,3410.00054
44,100,3410.522658
46,100,3411.061784
36,100,3411.594904
41,100,3411.712932
38,100,3412.285063
40,100,3412.832189
40,100,3413.360309
44,100,3413.492342
41,100,3414.00546
44,100,3414.605544
39,100,3415.153667
39,100,3415.687788
37,100,3415.814816
25,100,3416.374942
46,100,3416.966077
41,100,3417.509215
41,100,3418.037333
50,100,3418.161362
40,100,3418.673098
42,100,3419.178213
43,100,3419.678325
40,100,3419.793351
40,100,3420.299465
39,100,3420.820583
43,100,3421.345717
37,100,3421.856835
42,100,3421.968861
38,100,3422.473975
43,100,3422.972088
48,100,3423.4722
40,100,3423.596228
43,100,3424.125358
40,100,3424.651477
34,100,3425.157595
35,100,3425.651706
43,100,3425.764731
36,100,3426.266845
45,100,3426.769958
38,100,3427.296121
49,100,3427.42012
41,100,3427.965242
43,100,3428.48536
41,100,3428.989474
38,100,3429.486586
43,100,3429.597611
44,100,3430.099725
40,100,3430.65036
48,100,3431.211696
39,100,3431.71881
37,100,3431.833836
40,100,3432.331949
40,100,3432.82606
40,100,3433.317171
36,100,3433.427196
45,100,3433.944316
42,100,3434.460433
34,100,3434.970552
41,100,3435.465663
48,100,3435.587692
43,100,3436.10781
40,100,3436.616927
45,100,3437.115039
40,100,3437.226064
43,100,3437.726177
39,100,3438.247295
47,100,3438.752409
40,100,3439.263526
48,100,3439.413753
33,100,3439.954875
44,100,3440.469992
41,100,3440.981107
40,100,3441.097133
40,100,3441.601247
48,100,3442.115363
45,100,3442.611475
44,100,3443.106586
37,100,3443.216612
39,100,3443.720726
39,100,3444.236842
36,100,3444.743896
45,100,3445.246011
32,100,3445.357037
42,100,3445.855149
47,100,3446.385783
38,100,3446.920904
38,100,3447.03393
38,100,3447.536043
40,100,3448.074891
39,100,3448.594008
38,100,3449.109127
42,100,3449.254159
32,100,3449.768276
42,100,3450.290394
40,100,3450.790506
32,100,3450.901532
38,100,3451.398643
33,100,3451.892755
48,100,3452.386867
43,100,3452.879987
38,100,3452.992013
37,100,3453.486124
37,100,3454.006231
42,100,3454.518348
38,100,3454.628372
35,100,3455.125484
49,100,3455.621597
41,100,3456.12671
39,100,3456.662512
34,100,3456.783539
34,100,3457.292654
39,100,3457.791767
34,100,3458.28988
37,100,3458.788992
46,100,3458.900017
34,100,3459.40013
40,100,3459.895241
39,100,3460.398356
52,100,3460.527384
37,100,3461.045501
39,100,3461.538622
38,100,3462.031733
49,100,3462.543839
37,100,3462.662866
41,100,3463.165979
37,100,3463.6571
44,100,3464.150202
41,100,3464.269228
47,100,3464.779359
34,100,3465.26948
47,100,3465.771583
47,100,3466.263703
40,100,3466.374729
36,100,3466.883834
39,100,3467.376955
47,100,3467.879069
38,100,3467.993085
43,100,3468.496198
41,100,3469.028318
46,100,3469.527431
38,100,3470.030545
45,100,3470.157573
40,100,3470.679037
38,100,3471.176149
50,100,3471.67026
51,100,3472.166372
39,100,3472.278397
46,100,3472.782512
48,100,3473.276623
46,100,3473.778737
49,100,3473.896763
39,100,3474.396875
40,100,3474.891997
44,100,3475.406104
40,100,3475.934223
44,100,3476.070253
43,100,3476.58637
36,100,3477.106024
37,100,3477.614138
54,100,3477.727163
38,100,3478.234277
37,100,3478.760396
41,100,3479.26751
38,100,3479.804632
38,100,3479.917657
32,100,3480.414769
42,100,3480.908881
48,100,3481.403994
49,100,3481.513018
41,100,3482.037136
46,100,3482.549136
47,100,3483.05625
46,100,3483.572042
49,100,3483.69407
39,100,3484.214187
42,100,3484.720302
43,100,3485.224415
49,100,3485.722528
39,100,3485.834553
42,100,3486.331665
48,100,3486.828777
41,100,3487.322888
37,100,3487.433913
45,100,3487.932026
44,100,3488.430138
47,100,3488.931252
39,100,3489.427363
41,100,3489.540389
43,100,3490.044503
44,100,3490.538615
50,100,3491.041728
52,100,3491.177195
43,100,3491.721881
41,100,3492.239998
42,100,3492.73911
43,100,3493.235223
37,100,3493.346248
50,100,3493.865365
37,100,3494.382484
37,100,3494.914604
40,100,3495.02663
46,100,3495.525742
44,100,3496.023854
39,100,3496.521966
46,100,3497.019078
41,100,3497.129104
38,100,3497.626216
37,100,3498.121328
42,100,3498.61644
44,100,3499.11155
51,100,3499.223576
49,100,3499.744694
39,100,3500.240806
42,100,3500.740919
33,100,3500.861946
43,100,3501.36706
40,100,3501.861172
42,100,3502.374287
43,100,3502.866398
42,100,3502.980424
40,100,3503.49254
34,100,3504.007704
34,100,3504.508772
38,100,3504.618797
39,100,3505.117909
41,100,3505.639027
45,100,3506.163148
41,100,3506.668262
42,100,3506.786289
40,100,3507.293432
46,100,3507.793545
48,100,3508.291657
40,100,3508.402682
38,100,3508.897794
44,100,3509.397907
36,100,3509.905022
38,100,3510.421138
39,100,3510.543166
31,100,3511.057281
46,100,3511.556394
40,100,3512.056507
37,100,3512.551619
37,100,3512.667645
39,100,3513.181761
41,100,3513.70788
44,100,3514.218995
46,100,3514.33102
37,100,3514.838134
37,100,3515.338247
38,100,3515.836988
39,100,3516.332091
43,100,3516.447116
48,100,3516.94723
43,100,3517.440341
46,100,3517.949456
49,100,3518.084486
48,100,3518.601606
44,100,3519.10572
36,100,3519.605832
48,100,3520.115947
43,100,3520.236975
41,100,3520.740088
42,100,3521.2372
45,100,3521.73684
39,100,3521.847865
36,100,3522.344977
50,100,3522.859093
41,100,3523.391213
33,100,3523.884325
43,100,3523.99635
54,100,3524.490462
43,100,3524.998576
32,100,3525.50423
43,100,3526.000341
34,100,3526.114368
37,100,3526.635485
42,100,3527.167608
41,100,3527.72374
43,100,3527.843767
50,100,3528.397301
38,100,3528.904415
40,100,3529.424536
45,100,3529.936656
41,100,3530.050683
35,100,3530.561798
39,100,3531.05991
37,100,3531.559023
45,100,3531.670048
44,100,3532.17016
43,100,3532.669273
36,100,3533.168386
41,100,3533.669499
44,100,3533.781524
38,100,3534.283638
37,100,3534.777749
40,100,3535.271861
33,100,3535.381885
36,100,3535.893001
43,100,3536.400115
43,100,3536.920233
47,100,3537.483372
43,100,3537.642408
37,100,3538.26755
41,100,3538.863432
42,100,3539.436484
49,100,3540.013341
48,100,3540.151465
43,100,3540.761433
43,100,3541.354398
40,100,3541.924368
43,100,3542.075386
39,100,3542.671854
37,100,3543.275295
44,100,3543.85472
47,100,3544.417256
48,100,3544.575696
43,100,3545.134654
38,100,3545.699608
45,100,3546.258593
47,100,3546.408732
41,100,3546.965547
34,100,3547.521544
39,100,3548.066486
46,100,3548.607046
46,100,3548.746485
43,100,3549.273437
42,100,3549.810405
45,100,3550.346377
38,100,3550.480372
33,100,3551.011932
43,100,3551.543329
43,100,3552.087306
44,100,3552.620277
41,100,3552.756266
46,100,3553.284528
45,100,3553.828803
42,100,3554.369766
46,100,3554.929607
43,100,3555.073745
47,100,3555.638142
44,100,3556.214708
43,100,3556.781667
38,100,3556.918652
38,100,3557.470356
39,100,3558.015553
38,100,3558.559574
46,100,3559.104549
33,100,3559.239549
44,100,3559.77353
43,100,3560.303689
42,100,3560.83348
42,100,3560.970474
41,100,3561.529427
47,100,3562.072414
43,100,3562.600383
33,100,3563.123363
49,100,3563.252346
41,100,3563.783745
45,100,3564.313733
45,100,3564.841725
36,100,3564.970266
45,100,3565.496659
41,100,3566.041149
41,100,3566.57184
41,100,3567.095948
43,100,3567.222583
43,100,3567.759562
39,100,3568.289521
39,100,3568.830517
48,100,3569.396487
40,100,3569.538486
41,100,3570.086442
38,100,3570.622807
44,100,3571.171495
41,100,3571.299382
38,100,3571.835356
42,100,3572.365922
52,100,3572.89389
35,100,3573.4226
38,100,3573.557287
35,100,3574.093362
42,100,3574.639827
45,100,3575.188215
45,100,3575.322535
38,100,3575.854751
40,100,3576.383738
38,100,3576.910706
49,100,3577.443495
40,100,3577.595672
38,100,3578.154644
45,100,3578.697745
49,100,3579.241011
40,100,3579.372581
41,100,3579.898568
36,100,3580.434525
45,100,3580.961839
44,100,3581.489901
42,100,3581.622473
41,100,3582.151448
46,100,3582.678448
38,100,3583.205369
38,100,3583.738605
43,100,3583.87137
42,100,3584.421388
39,100,3584.959311
43,100,3585.483725
40,100,3585.613285
39,100,3586.159794
39,100,3586.692604
42,100,3587.239646
43,100,3587.770599
32,100,3587.906599
38,100,3588.441062
34,100,3588.972297
37,100,3589.508118
41,100,3589.637926
38,100,3590.181484
38,100,3590.738454
51,100,3591.272012
44,100,3591.832907
40,100,3591.972397
40,100,3592.502955
42,100,3593.032805
41,100,3593.562124
42,100,3593.695118
39,100,3594.224295
42,100,3594.763281
41,100,3595.288319
37,100,3595.816223
42,100,3595.950209
40,100,3596.483109
40,100,3597.008748
35,100,3597.541534
34,100,3598.098154
40,100,3598.232671
45,100,3598.76651
43,100,3599.291659
40,100,3599.820604
33,100,3599.953475
46,100,3600.485991
40,100,3601.02155
40,100,3601.550411
37,100,3602.078505
43,100,3602.206791
41,100,3602.749476
44,100,3603.275443
40,100,3603.801639
40,100,3603.931433
35,100,3604.455757
43,100,3604.983322
43,100,3605.511331
41,100,3606.044726
41,100,3606.178726
39,100,3606.738276
39,100,3607.27125
37,100,3607.802108
38,100,3607.933286
37,100,3608.460617
47,100,3608.989419
36,100,3609.512095
41,100,3610.044519
43,100,3610.184555
43,100,3610.736102
41,100,3611.270618
37,100,3611.798046
47,100,3612.327433
33,100,3612.457423
54,100,3612.984411
32,100,3613.507375
37,100,3614.03456
45,100,3614.165343
45,100,3614.696904
37,100,3615.223474
37,100,3615.752571
33,100,3616.283624
39,100,3616.418347
39,100,3616.962779
55,100,3617.48944
39,100,3618.018154
45,100,3618.149156
38,100,3618.684125
40,100,3619.21969
43,100,3619.750019
41,100,3620.271879
41,100,3620.39962
32,100,3620.932044
31,100,3621.458992
43,100,3621.989759
42,100,3622.126548
45,100,3622.685514
39,100,3623.223474
36,100,3623.74809
46,100,3624.278442
43,100,3624.414452
41,100,3624.944836
40,100,3625.477386
38,100,3626.00137
46,100,3626.531333
32,100,3626.666324
44,100,3627.192992
34,100,3627.72028
43,100,3628.245664
41,100,3628.375727
39,100,3628.906712
35,100,3629.427619
45,100,3629.955719
33,100,3630.484571
38,100,3630.612147
42,100,3631.143565
44,100,3631.679502
39,100,3632.214483
37,100,3632.343682
48,100,3632.875037
40,100,3633.399589
39,100,3633.929982
38,100,3634.457378
41,100,3634.592013
44,100,3635.121498
37,100,3635.654913
41,100,3636.183484
39,100,3636.326291
39,100,3636.85485
42,100,3637.397255
37,100,3637.942544
40,100,3638.487774
46,100,3638.626766
33,100,3639.166737
48,100,3639.69305
42,100,3640.222992
34,100,3640.749658
41,100,3640.882147
38,100,3641.410631
51,100,3641.949616
43,100,3642.497711
38,100,3642.626565
47,100,3643.158546
43,100,3643.693981
45,100,3644.226486
41,100,3644.753555
37,100,3644.886462
36,100,3645.420431
36,100,3645.950417
42,100,3646.480381
45,100,3646.614718
44,100,3647.148345
43,100,3647.684056
44,100,3648.2113
44,100,3648.734276
46,100,3648.862016
41,100,3649.391192
44,100,3649.921664
42,100,3650.446621
37,100,3650.578609
39,100,3651.106632
48,100,3651.643654
32,100,3652.173652
42,100,3652.698506
46,100,3652.831789
47,100,3653.363675
40,100,3653.89645
42,100,3654.443423
38,100,3654.990591
39,100,3655.124387
42,100,3655.660563
40,100,3656.191517
39,100,3656.723146
36,100,3656.854912
45,100,3657.383898
39,100,3657.908866
37,100,3658.437829
49,100,3658.965799
37,100,3659.094452
40,100,3659.626755
35,100,3660.156735
43,100,3660.683401
40,100,3660.816707
37,100,3661.353689
34,100,3661.877652
34,100,3662.403631
38,100,3662.933542
41,100,3663.064594
37,100,3663.599516
37,100,3664.127538
40,100,3664.661532
42,100,3664.793512
47,100,3665.319466
40,100,3665.84647
40,100,3666.379433
35,100,3666.908416
47,100,3667.040416
35,100,3667.586387
39,100,3668.129353
42,100,3668.658745
38,100,3669.181305
40,100,3669.314013
35,100,3669.842925
39,100,3670.394307
46,100,3670.940636
41,100,3671.071652
35,100,3671.60261
42,100,3672.160586
40,100,3672.689143
42,100,3673.217534
45,100,3673.350522
42,100,3673.890987
35,100,3674.425471
38,100,3674.969461
40,100,3675.103563
41,100,3675.637433
35,100,3676.167812
41,100,3676.716378
39,100,3677.248463
40,100,3677.379328
43,100,3677.906345
45,100,3678.431278
42,100,3678.960836
34,100,3679.09083
37,100,3679.62181
37,100,3680.149776
39,100,3680.676759
38,100,3681.211155
47,100,3681.348691
47,100,3681.881708
40,100,3682.408675
39,100,3682.941661
38,100,3683.467623
41,100,3683.60062
32,100,3684.139584
48,100,3684.672574
39,100,3685.200535
35,100,3685.332535
44,100,3685.874527
47,100,3686.419478
46,100,3686.96346
39,100,3687.491431
46,100,3687.622812
39,100,3688.152403
45,100,3688.68137
29,100,3689.208365
52,100,3689.343774
44,100,3689.895313
42,100,3690.419721
36,100,3690.948697
40,100,3691.476604
39,100,3691.608797
47,100,3692.142627
35,100,3692.670611
31,100,3693.19859
46,100,3693.331161
37,100,3693.858545
44,100,3694.403529
44,100,3694.933502
37,100,3695.460469
44,100,3695.589053
41,100,3696.110445
44,100,3696.636994
40,100,3697.165383
34,100,3697.696369
41,100,3697.833967
51,100,3698.376911
40,100,3698.917895
43,100,3699.440295
41,100,3699.570278
37,100,3700.098865
43,100,3700.629827
38,100,3701.164788
41,100,3701.704319
36,100,3701.839172
49,100,3702.380141
43,100,3702.930115
34,100,3703.460677
40,100,3703.59467
37,100,3704.126633
36,100,3704.659607
40,100,3705.196589
40,100,3705.722809
46,100,3705.855562
39,100,3706.387531
38,100,3706.917515
37,100,3707.44142
38,100,3707.581322
48,100,3708.113874
40,100,3708.641867
40,100,3709.176403
36,100,3709.702375
32,100,3709.837394
41,100,3710.37534
43,100,3710.923314
38,100,3711.453284
43,100,3711.980478
36,100,3712.118679
45,100,3712.653657
39,100,3713.180628
44,100,3713.710318
46,100,3713.842797
42,100,3714.373578
42,100,3714.900683
39,100,3715.426526
50,100,3715.952507
33,100,3716.081496
48,100,3716.613005
44,100,3717.13944
45,100,3717.675411
41,100,3717.8064
38,100,3718.345962
39,100,3718.896354
37,100,3719.429329
41,100,3719.964546
52,100,3720.097293
37,100,3720.632876
40,100,3721.161243
37,100,3721.693902
50,100,3721.824235
37,100,3722.365724
42,100,3722.924762
41,100,3723.457718
48,100,3723.990105
40,100,3724.120689
41,100,3724.652089
43,100,3725.173655
44,100,3725.696813
40,100,3726.234597
44,100,3726.366007
44,100,3726.899555
45,100,3727.425531
43,100,3727.950189
36,100,3728.081473
50,100,3728.607478
40,100,3729.137456
41,100,3729.695418
44,100,3730.228402
37,100,3730.360384
47,100,3730.893083
43,100,3731.422347
47,100,3731.952313
38,100,3732.084313
37,100,3732.620299
42,100,3733.146674
40,100,3733.675006
50,100,3734.207207
45,100,3734.337198
45,100,3734.888602
32,100,3735.428574
39,100,3735.9717
35,100,3736.101608
42,100,3736.628508
44,100,3737.159731
40,100,3737.684484
38,100,3738.212434
41,100,3738.343431
37,100,3738.877396
35,100,3739.408973
36,100,3739.945586
42,100,3740.493733
40,100,3740.625487
38,100,3741.162869
37,100,3741.693614
40,100,3742.226828
43,100,3742.358778
39,100,3742.888792
41,100,3743.415939
38,100,3743.9388
44,100,3744.465393
42,100,3744.598295
38,100,3745.131014
38,100,3745.671671
42,100,3746.213656
40,100,3746.345625
43,100,3746.886019
39,100,3747.414581
48,100,3747.943418
36,100,3748.471731
39,100,3748.603526
44,100,3749.137488
44,100,3749.665481
40,100,3750.233759
37,100,3750.377439
39,100,3750.936407
43,100,3751.46842
41,100,3752.000362
44,100,3752.530754
39,100,3752.656325
35,100,3753.187314
43,100,3753.713266
50,100,3754.238672
45,100,3754.759644
37,100,3754.90846
45,100,3755.448221
41,100,3755.976402
37,100,3756.505069
42,100,3756.630137
42,100,3757.166116
47,100,3757.697506
42,100,3758.233481
36,100,3758.76046
47,100,3758.892473
39,100,3759.440474
35,100,3759.974396
37,100,3760.510375
45,100,3760.637372
34,100,3761.168207
42,100,3761.701321
40,100,3762.226291
40,100,3762.769844
48,100,3762.904927
41,100,3763.436813
49,100,3763.965315
39,100,3764.491523
41,100,3764.624758
47,100,3765.152754
44,100,3765.678595
40,100,3766.223547
44,100,3766.802779
49,100,3766.93564
40,100,3767.489624
44,100,3768.019596
45,100,3768.550264
33,100,3769.079548
39,100,3769.210534
35,100,3769.748511
41,100,3770.279728
44,100,3770.811467
42,100,3770.944639
46,100,3771.481004
43,100,3772.018843
45,100,3772.546379
44,100,3773.082434
46,100,3773.210347
37,100,3773.740318
38,100,3774.274714
42,100,3774.804385
42,100,3774.93739
38,100,3775.460594
47,100,3775.991655
37,100,3776.528618
37,100,3777.067164
40,100,3777.201158
43,100,3777.745125
44,100,3778.272528
40,100,3778.80228
38,100,3778.930186
42,100,3779.462617
35,100,3779.998436
52,100,3780.525414
45,100,3781.069555
49,100,3781.217406
39,100,3781.770559
46,100,3782.308339
30,100,3782.86031
39,100,3783.388276
41,100,3783.520856
39,100,3784.054837
39,100,3784.58581
36,100,3785.113414
33,100,3785.243558
33,100,3785.829169
42,100,3786.422011
39,100,3786.984691
34,100,3787.54382
45,100,3787.686659
43,100,3788.267052
41,100,3788.824554
40,100,3789.354583
45,100,3789.485572
39,100,3790.050565
35,100,3790.581528
45,100,3791.1075
42,100,3791.63447
46,100,3791.765464
41,100,3792.298436
40,100,3792.829421
44,100,3793.356394
42,100,3793.48938
48,100,3794.02277
42,100,3794.556347
40,100,3795.085324
44,100,3795.617142
38,100,3795.747272
41,100,3796.292769
31,100,3796.82564
44,100,3797.362733
44,100,3797.92172
46,100,3798.078583
35,100,3798.694578
44,100,3799.269551
39,100,3799.83251
48,100,3799.980072
41,100,3800.537301
46,100,3801.093828
38,100,3801.666419
46,100,3802.221435
38,100,3802.360375
38,100,3802.90135
35,100,3803.430326
41,100,3803.960301
39,100,3804.088875
37,100,3804.623542
44,100,3805.15624
38,100,3805.687063
42,100,3806.212951
37,100,3806.345766
46,100,3806.881942
40,100,3807.42073
37,100,3807.972349
36,100,3808.105699
42,100,3808.638656
44,100,3809.16663
39,100,3809.699612
45,100,3810.22659
45,100,3810.355584
45,100,3810.888563
42,100,3811.413542
40,100,3811.945494
45,100,3812.492582
44,100,3812.620465
37,100,3813.163446
30,100,3813.700837
48,100,3814.262399
43,100,3814.431386
40,100,3815.02935
39,100,3815.59633
45,100,3816.156746
35,100,3816.732295
44,100,3816.892675
40,100,3817.465282
39,100,3818.017629
45,100,3818.549826
39,100,3818.68061
45,100,3819.217153
38,100,3819.755552
30,100,3820.287528
45,100,3820.812505
40,100,3820.944493
37,100,3821.472472
34,100,3822.00644
42,100,3822.536416
39,100,3822.671007
40,100,3823.21439
42,100,3823.746454
46,100,3824.27834
31,100,3824.809306
46,100,3824.943468
37,100,3825.478856
49,100,3826.014837
41,100,3826.547232
40,100,3827.082331
40,100,3827.229023
42,100,3827.78075
36,100,3828.307722
37,100,3828.836709
40,100,3828.964987
46,100,3829.496663
42,100,3830.02736
39,100,3830.578326
38,100,3831.12169
42,100,3831.251629
44,100,3831.796567
48,100,3832.323539
48,100,3832.854647
44,100,3832.985498
42,100,3833.515482
31,100,3834.044445
35,100,3834.576601
46,100,3835.102204
36,100,3835.231391
38,100,3835.760378
43,100,3836.290341
41,100,3836.821843
45,100,3836.951732
48,100,3837.498308
35,100,3838.026711
47,100,3838.551802
44,100,3839.07563
39,100,3839.205202
45,100,3839.738122
40,100,3840.267168
43,100,3840.800121
45,100,3841.325527
43,100,3841.454534
37,100,3841.98152
43,100,3842.508473
35,100,3843.037462
46,100,3843.16801
35,100,3843.697411
38,100,3844.227982
46,100,3844.754496
41,100,3845.284336
40,100,3845.416908
38,100,3845.959311
45,100,3846.503305
44,100,3847.081267
40,100,3847.214828
42,100,3847.746807
49,100,3848.275194
40,100,3848.802755
43,100,3849.32874
44,100,3849.461734
36,100,3849.998688
38,100,3850.525665
47,100,3851.054648
42,100,3851.186637
45,100,3851.733663
46,100,3852.264601
44,100,3852.794564
42,100,3853.326567
38,100,3853.458528
40,100,3853.993356
43,100,3854.521471
47,100,3855.049462
48,100,3855.578438
41,100,3855.710417
43,100,3856.245387
38,100,3856.772392
39,100,3857.295339
51,100,3857.424766
41,100,3857.960755
35,100,3858.486283
40,100,3859.014276
37,100,3859.542018
45,100,3859.670655
37,100,3860.203637
47,100,3860.728618
35,100,3861.261689
42,100,3861.394883
40,100,3861.930543
44,100,3862.501521
38,100,3863.051496
42,100,3863.587046
43,100,3863.724461
41,100,3864.262429
40,100,3864.793991
37,100,3865.325957
42,100,3865.461967
30,100,3865.989349
33,100,3866.519908
44,100,3867.043302
52,100,3867.590265
48,100,3867.720282
38,100,3868.250823
46,100,3868.777215
42,100,3869.304778
41,100,3869.830738
44,100,3869.963744
47,100,3870.495718
41,100,3871.02469
45,100,3871.553303
36,100,3871.702626
47,100,3872.24264
44,100,3872.768995
35,100,3873.299608
39,100,3873.831579
40,100,3873.963578
51,100,3874.501538
34,100,3875.033551
46,100,3875.561472
43,100,3875.690916
49,100,3876.218443
47,100,3876.761424
44,100,3877.304781
41,100,3877.838562
43,100,3877.967782
40,100,3878.513333
43,100,3879.056323
45,100,3879.582702
42,100,3879.711708
44,100,3880.24167
42,100,3880.766636
38,100,3881.297625
46,100,3881.823762
42,100,3881.954583
40,100,3882.482492
44,100,3883.010128
39,100,3883.538578
34,100,3884.064495
43,100,3884.192986
40,100,3884.724461
41,100,3885.252596
42,100,3885.776416
41,100,3885.924937
38,100,3886.461376
44,100,3886.98735
34,100,3887.513341
41,100,3888.04343
37,100,3888.179292
36,100,3888.707267
39,100,3889.236124
37,100,3889.766308
40,100,3889.894791
45,100,3890.429372
49,100,3890.95573
47,100,3891.486718
46,100,3892.026704
44,100,3892.15868
37,100,3892.69266
41,100,3893.220632
52,100,3893.750603
39,100,3893.883995
53,100,3894.424579
41,100,3894.971573
40,100,3895.497521
40,100,3896.023525
48,100,3896.15368
39,100,3896.685894
39,100,3897.210435
47,100,3897.750419
40,100,3898.285195
42,100,3898.4168
38,100,3898.948368
36,100,3899.489333
46,100,3900.026302
40,100,3900.161299
43,100,3900.692698
43,100,3901.22367
53,100,3901.753675
41,100,3902.286614
40,100,3902.421609
46,100,3902.95359
33,100,3903.48756
42,100,3904.016772
45,100,3904.14454
32,100,3904.679848
39,100,3905.209485
46,100,3905.748454
36,100,3906.296432
39,100,3906.428416
38,100,3906.959528
42,100,3907.485961
48,100,3908.012342
35,100,3908.143407
39,100,3908.674691
42,100,3909.202293
39,100,3909.7328
42,100,3910.275582
40,100,3910.420141
41,100,3910.975214
35,100,3911.507764
40,100,3912.037075
38,100,3912.567404
36,100,3912.70222
46,100,3913.238678
41,100,3913.767652
43,100,3914.294641
41,100,3914.425369
47,100,3914.966602
38,100,3915.494992
35,100,3916.025428
36,100,3916.550528
41,100,3916.679517
47,100,3917.208914
41,100,3917.746464
45,100,3918.269432
50,100,3918.398431
37,100,3918.929413
37,100,3919.452423
40,100,3919.982371
40,100,3920.509333
41,100,3920.641323
44,100,3921.175312
44,100,3921.704278
38,100,3922.241299
46,100,3922.372355
40,100,3922.901646
38,100,3923.428612
40,100,3923.954589
44,100,3924.48339
40,100,3924.614652
40,100,3925.145525
47,100,3925.671505
39,100,3926.199487
44,100,3926.757447
45,100,3926.891029
44,100,3927.423801
34,100,3927.953979
47,100,3928.481433
38,100,3928.610373
47,100,3929.141355
41,100,3929.670415
38,100,3930.197868
48,100,3930.725613
38,100,3930.856258
34,100,3931.391486
49,100,3931.917848
41,100,3932.451174
43,100,3932.578749
37,100,3933.109566
37,100,3933.637125
42,100,3934.161103
46,100,3934.689076
44,100,3934.821652
45,100,3935.347616
46,100,3935.875787
39,100,3936.399578
43,100,3936.529575
52,100,3937.058465
38,100,3937.598531
39,100,3938.145489
47,100,3938.674882
41,100,3938.804885
32,100,3939.337428
38,100,3939.870415
43,100,3940.402393
40,100,3940.936352
41,100,3941.068345
44,100,3941.600326
47,100,3942.125721
42,100,3942.677279
35,100,3942.823751
47,100,3943.35525
49,100,3943.909448
47,100,3944.477607
39,100,3945.008514
39,100,3945.138692
44,100,3945.671571
36,100,3946.195714
40,100,3946.728076
44,100,3946.857659
45,100,3947.393459
39,100,3947.9284
46,100,3948.460433
48,100,3948.993537
37,100,3949.12539
43,100,3949.660366
42,100,3950.190941
41,100,3950.72832
38,100,3950.860903
49,100,3951.3933
42,100,3951.923834
36,100,3952.459812
31,100,3952.987969
41,100,3953.11719
40,100,3953.645751
40,100,3954.17178
47,100,3954.713027
46,100,3955.241453
44,100,3955.376388
36,100,3955.908291
41,100,3956.442357
39,100,3956.974633
35,100,3957.107598
39,100,3957.636975
38,100,3958.166551
36,100,3958.723794
46,100,3959.261485
46,100,3959.393732
40,100,3959.93146
44,100,3960.461705
46,100,3960.997405
44,100,3961.128389
37,100,3961.677384
41,100,3962.219358
45,100,3962.747332
44,100,3963.274674
36,100,3963.404706
37,100,3963.932298
44,100,3964.456409
40,100,3964.980477
51,100,3965.114645
47,100,3965.644069
43,100,3966.171839
41,100,3966.700564
44,100,3967.235539
36,100,3967.365519
40,100,3967.904495
40,100,3968.436041
40,100,3968.967454
37,100,3969.49741
45,100,3969.630411
41,100,3970.170386
41,100,3970.698416
35,100,3971.225929
51,100,3971.356339
35,100,3971.884621
32,100,3972.424278
39,100,3972.953135
45,100,3973.480812
40,100,3973.609021
40,100,3974.142372
36,100,3974.699756
44,100,3975.234533
42,100,3975.363552
47,100,3975.898112
34,100,3976.422672
46,100,3976.988052
37,100,3977.518372
39,100,3977.64961
42,100,3978.185972
44,100,3978.714566
37,100,3979.246533
35,100,3979.38052
43,100,3979.910507
50,100,3980.441473
41,100,3980.96688
45,100,3981.496847
45,100,3981.626419
41,100,3982.159406
40,100,3982.687365
39,100,3983.21935
35,100,3983.739321
44,100,3983.871311
43,100,3984.403464
50,100,3984.96172
41,100,3985.527655
39,100,3985.662651
43,100,3986.202582
42,100,3986.7376
37,100,3987.271569
37,100,3987.806544
39,100,3987.941126
39,100,3988.475092
42,100,3989.006485
35,100,3989.542567
35,100,3989.675455
35,100,3990.210424
37,100,3990.766408
37,100,3991.296378
31,100,3991.83638
39,100,3991.980358
38,100,3992.521321
45,100,3993.052304
50,100,3993.582278
33,100,3993.708858
48,100,3994.241237
39,100,3994.776792
44,100,3995.305292
35,100,3995.844748
40,100,3995.990202
45,100,3996.580709
47,100,3997.158686
40,100,3997.752424
48,100,3998.301067
47,100,3998.439614
41,100,3998.979598
42,100,3999.513577
37,100,4000.052542
38,100,4000.184541
40,100,4000.712527
39,100,4001.236481
39,100,4001.795614
34,100,4002.381593
45,100,4002.534422
52,100,4003.083403
43,100,4003.614375
46,100,4004.147764
42,100,4004.27734
41,100,4004.816311
37,100,4005.34629
35,100,4005.878268
42,100,4006.425654
42,100,4006.575647
44,100,4007.122504
40,100,4007.660187
40,100,4008.201598
35,100,4008.332574
45,100,4008.867548
40,100,4009.409094
47,100,4009.956063
46,100,4010.485307
39,100,4010.617462
41,100,4011.147007
44,100,4011.674428
38,100,4012.206377
40,100,4012.73454
41,100,4012.87035
37,100,4013.403322
32,100,4013.933688
38,100,4014.463278
42,100,4014.598265
41,100,4015.129819
39,100,4015.661779
39,100,4016.191202
36,100,4016.754745
42,100,4016.889744
54,100,4017.428984
40,100,4017.96187
42,100,4018.489662
38,100,4018.620086
47,100,4019.155047
38,100,4019.684616
45,100,4020.216576
34,100,4020.741982
39,100,4020.878556
35,100,4021.403523
44,100,4021.93346
32,100,4022.484488
44,100,4022.628467
39,100,4023.17386
49,100,4023.705417
38,100,4024.249399
43,100,4024.781376
44,100,4024.916359
41,100,4025.453408
46,100,4025.983736
33,100,4026.511712
39,100,4027.055269
33,100,4027.185671
43,100,4027.727224
37,100,4028.25762
43,100,4028.782594
47,100,4028.91147
43,100,4029.441591
42,100,4029.97354
44,100,4030.502101
43,100,4031.029561
40,100,4031.161479
42,100,4031.693465
48,100,4032.228424
41,100,4032.776399
50,100,4032.909393
41,100,4033.44337
40,100,4033.970341
35,100,4034.500317
47,100,4035.035644
39,100,4035.163946
36,100,4035.695271
49,100,4036.225815
40,100,4036.753793
43,100,4036.899789
36,100,4037.43531
44,100,4037.974149
48,100,4038.517712
36,100,4039.072685
44,100,4039.208685
40,100,4039.745661
35,100,4040.276622
38,100,4040.818599
49,100,4041.350818
42,100,4041.484067
41,100,4042.036436
40,100,4042.571548
44,100,4043.109503
45,100,4043.243487
52,100,4043.778847
46,100,4044.315849
46,100,4044.848405
37,100,4045.382908
35,100,4045.517375
34,100,4046.053345
39,100,4046.588317
36,100,4047.138299
34,100,4047.265709
42,100,4047.800271
35,100,4048.329661
47,100,4048.863651
48,100,4049.393085
40,100,4049.523609
44,100,4050.060589
41,100,4050.588556
45,100,4051.118534
38,100,4051.252523
44,100,4051.787499
39,100,4052.323892
44,100,4052.859446
48,100,4053.38768
37,100,4053.526996
44,100,4054.065968
46,100,4054.62794
38,100,4055.176338
45,100,4055.703895
37,100,4055.844887
43,100,4056.383869
45,100,4056.921981
36,100,4057.468434
41,100,4057.603335
38,100,4058.14129
35,100,4058.674165
43,100,4059.206735
37,100,4059.737123
38,100,4059.874111
33,100,4060.414085
52,100,4060.949887
48,100,4061.480615
46,100,4061.621456
43,100,4062.168652
40,100,4062.700551
30,100,4063.236769
38,100,4063.763522
41,100,4063.897915
37,100,4064.430897
41,100,4064.971465
44,100,4065.499423
35,100,4065.626419
49,100,4066.153395
47,100,4066.693885
44,100,4067.225359
42,100,4067.760327
38,100,4067.889727
40,100,4068.421009
44,100,4068.950681
36,100,4069.477659
38,100,4070.009219
45,100,4070.140761
41,100,4070.704604
42,100,4071.237571
42,100,4071.775506
46,100,4071.904981
42,100,4072.456506
47,100,4072.995477
47,100,4073.528486
47,100,4074.059456
45,100,4074.191019
44,100,4074.716985
40,100,4075.244382
44,100,4075.773356
41,100,4075.901347
37,100,4076.434902
33,100,4076.965308
42,100,4077.507271
46,100,4078.040252
43,100,4078.171237
44,100,4078.703335
48,100,4079.234334
38,100,4079.764749
35,100,4079.897743
41,100,4080.429132
39,100,4080.962702
44,100,4081.486671
37,100,4082.029919
43,100,4082.159627
37,100,4082.693467
38,100,4083.222583
44,100,4083.752879
42,100,4084.280529
46,100,4084.407525
36,100,4084.954506
40,100,4085.484475
41,100,4086.014445
34,100,4086.148439
41,100,4086.724427
37,100,4087.263399
50,100,4087.797368
31,100,4088.327333
44,100,4088.462329
39,100,4088.991625
36,100,4089.525695
39,100,4090.054693
43,100,4090.189251
49,100,4090.752641
45,100,4091.300189
36,100,4091.832185
41,100,4092.365221
44,100,4092.494561
37,100,4093.039536
37,100,4093.577503
45,100,4094.106482
44,100,4094.236062
39,100,4094.766024
37,100,4095.295436
37,100,4095.822986
40,100,4096.360341
41,100,4096.491363
45,100,4097.029346
40,100,4097.565312
46,100,4098.100289
41,100,4098.635448
42,100,4098.768769
49,100,4099.303242
39,100,4099.866203
41,100,4100.395202
45,100,4100.528173
39,100,4101.067151
47,100,4101.599713
42,100,4102.129692
40,100,4102.687655
38,100,4102.827651
42,100,4103.360621
28,100,4103.893601
46,100,4104.419569
38,100,4104.549563
37,100,4105.084542
37,100,4105.615515
38,100,4106.145489
48,100,4106.709536
47,100,4106.872439
38,100,4107.442046
39,100,4108.006396
46,100,4108.557793
41,100,4108.686394
40,100,4109.21934
51,100,4109.749312
39,100,4110.281311
37,100,4110.811679
36,100,4110.942803
42,100,4111.496648
42,100,4112.025211
45,100,4112.554602
37,100,4113.083114
41,100,4113.214573
44,100,4113.746568
40,100,4114.276096
37,100,4114.803496
47,100,4114.934486
37,100,4115.466469
34,100,4115.993443
37,100,4116.526417
40,100,4117.055974
43,100,4117.187394
50,100,4117.718355
44,100,4118.258343
48,100,4118.816303
37,100,4118.949877
39,100,4119.492433
45,100,4120.028663
45,100,4120.562505
39,100,4121.097781
36,100,4121.230772
41,100,4121.763752
36,100,4122.29072
41,100,4122.819117
43,100,4122.949692
47,100,4123.473494
46,100,4124.003654
44,100,4124.535618
40,100,4125.067586
40,100,4125.198585
46,100,4125.7328
44,100,4126.261956
49,100,4126.797502
45,100,4127.329519
43,100,4127.463687
50,100,4127.99646
44,100,4128.521431
37,100,4129.050405
44,100,4129.180387
39,100,4129.721376
42,100,4130.253377
45,100,4130.785306
43,100,4131.314295
44,100,4131.446712
41,100,4131.974262
32,100,4132.504044
39,100,4133.031633
35,100,4133.164661
45,100,4133.697612
46,100,4134.22917
39,100,4134.783922
39,100,4135.315111
40,100,4135.449509
37,100,4135.9855
32,100,4136.519049
41,100,4137.049022
44,100,4137.184432
38,100,4137.716984
41,100,4138.250957
46,100,4138.787952
44,100,4139.318502
43,100,4139.453328
37,100,4139.993288
50,100,4140.527274
46,100,4141.060249
36,100,4141.587804
43,100,4141.722797
46,100,4142.255183
42,100,4142.783173
49,100,4143.311304
44,100,4143.443259
41,100,4143.972689
42,100,4144.500665
43,100,4145.029639
38,100,4145.557099
46,100,4145.691609
37,100,4146.22258
45,100,4146.757972
39,100,4147.290535
39,100,4147.425521
40,100,4147.958503
39,100,4148.489476
33,100,4149.019465
38,100,4149.553443
49,100,4149.682419
47,100,4150.22741
39,100,4150.78839
38,100,4151.321951
43,100,4151.456333
46,100,4151.985721
35,100,4152.513287
43,100,4153.042677
43,100,4153.571189
41,100,4153.700654
39,100,4154.232629
44,100,4154.762594
41,100,4155.288579
46,100,4155.818541
44,100,4155.951723
38,100,4156.491536
33,100,4157.022664
41,100,4157.554466
48,100,4157.687455
44,100,4158.225764
43,100,4158.755462
39,100,4159.286379
47,100,4159.815352
42,100,4159.947347
41,100,4160.473333
47,100,4160.983289
38,100,4161.485844
36,100,4161.615269
41,100,4162.145433
36,100,4162.708809
47,100,4163.236186
51,100,4163.760887
36,100,4163.890744
41,100,4164.466223
39,100,4165.032687
36,100,4165.537078
45,100,4165.649653
41,100,4166.154633
51,100,4166.682605
34,100,4167.21159
39,100,4167.713354
38,100,4167.836964
46,100,4168.343525
40,100,4168.863026
35,100,4169.398469
35,100,4169.917444
39,100,4170.030439
38,100,4170.532422
33,100,4171.030449
39,100,4171.529561
39,100,4171.642587
51,100,4172.171707
45,100,4172.677821
42,100,4173.173933
35,100,4173.663043
44,100,4173.777069
39,100,4174.27418
38,100,4174.768292
45,100,4175.275406
37,100,4175.396434
45,100,4175.906549
41,100,4176.427677
34,100,4176.981801
41,100,4177.490916
41,100,4177.602942
37,100,4178.103055
37,100,4178.596082
35,100,4179.107197
40,100,4179.217222
37,100,4179.713333
41,100,4180.213446
42,100,4180.71856
48,100,4181.242679
36,100,4181.352704
51,100,4181.850816
41,100,4182.352929
46,100,4182.873046
43,100,4183.367158
44,100,4183.479183
43,100,4183.978296
36,100,4184.468407
45,100,4184.960518
37,100,4185.069543
38,100,4185.568655
44,100,4186.07777
47,100,4186.603889
37,100,4187.106002
46,100,4187.218027
40,100,4187.740145
40,100,4188.25426
42,100,4188.751181
38,100,4188.859205
36,100,4189.358318
42,100,4189.859431
45,100,4190.365544
46,100,4190.875663
38,100,4190.995688
36,100,4191.517805
36,100,4192.017918
29,100,4192.555038
50,100,4192.695071
37,100,4193.219189
42,100,4193.735307
47,100,4194.257425
41,100,4194.784544
40,100,4194.918574
38,100,4195.457695
45,100,4195.975816
45,100,4196.48593
43,100,4196.989043
38,100,4197.101069
42,100,4197.601182
42,100,4198.111297
37,100,4198.65744
44,100,4198.782469
39,100,4199.284582
37,100,4199.781694
44,100,4200.283807
46,100,4200.78292
41,100,4200.895946
37,100,4201.407061
41,100,4201.924177
42,100,4202.48491
44,100,4202.649952
43,100,4203.22428
41,100,4203.752259
34,100,4204.300233
47,100,4204.844359
43,100,4204.974206
39,100,4205.51117
40,100,4206.03616
38,100,4206.577119
42,100,4206.701963
46,100,4207.225095
37,100,4207.750658
46,100,4208.303627
42,100,4208.867215
38,100,4209.007617
35,100,4209.59958
35,100,4210.176539
45,100,4210.737257
42,100,4211.279482
49,100,4211.419477
39,100,4211.958501
44,100,4212.498629
35,100,4213.033815
41,100,4213.174403
33,100,4213.716374
36,100,4214.293349
29,100,4214.877735
45,100,4215.468282
38,100,4215.609271
43,100,4216.225193
41,100,4216.900759
33,100,4217.508173
40,100,4217.652206
36,100,4218.393205
37,100,4218.974531
34,100,4219.508511
39,100,4220.035073
41,100,4220.165477
39,100,4220.710473
40,100,4221.279442
46,100,4221.827396
43,100,4221.964399
41,100,4222.49694
42,100,4223.174375
44,100,4223.920132
44,100,4224.446852
40,100,4224.580852
31,100,4225.125252
35,100,4225.66422
48,100,4226.218199
35,100,4226.750866
45,100,4226.899729
39,100,4227.472561
40,100,4228.017684
41,100,4228.549124
40,100,4228.681544
32,100,4229.265039
41,100,4229.833246
49,100,4230.385075
35,100,4230.95228
41,100,4231.090811
47,100,4231.643526
44,100,4232.182742
43,100,4232.720185
40,100,4232.859456
34,100,4233.416847
45,100,4233.950395
37,100,4234.484432
45,100,4235.016348
43,100,4235.148355
40,100,4235.679735
41,100,4236.217256
39,100,4236.744306
42,100,4236.878208
31,100,4237.406651
44,100,4237.936213
38,100,4238.465535
47,100,4239.000156
44,100,4239.130757
44,100,4239.663134
41,100,4240.194097
46,100,4240.734505
45,100,4241.263468
36,100,4241.394463
38,100,4241.930928
37,100,4242.471363
44,100,4243.000393
40,100,4243.126966
37,100,4243.655941
42,100,4244.184324
44,100,4244.710997
39,100,4245.246407
38,100,4245.381411
42,100,4245.908837
43,100,4246.453808
45,100,4247.001198
36,100,4247.132835
37,100,4247.661936
43,100,4248.185718
42,100,4248.713232
43,100,4249.2423
38,100,4249.376086
45,100,4249.907697
46,100,4250.431812
40,100,4250.959206
41,100,4251.091568
41,100,4251.634145
39,100,4252.164531
42,100,4252.696329
41,100,4253.227481
37,100,4253.359484
37,100,4253.892455
46,100,4254.418425
33,100,4254.943404
47,100,4255.470144
50,100,4255.600364
37,100,4256.142341
41,100,4256.663339
42,100,4257.191302
39,100,4257.3193
46,100,4257.84934
40,100,4258.374238
37,100,4258.904214
40,100,4259.43521
37,100,4259.566787
37,100,4260.09958
42,100,4260.641142
42,100,4261.172561
41,100,4261.30509
43,100,4261.838894
47,100,4262.38147
37,100,4262.95044
44,100,4263.484011
46,100,4263.613751
42,100,4264.14838
40,100,4264.67236
40,100,4265.201328
45,100,4265.330334
46,100,4265.860186
41,100,4266.399273
41,100,4266.942247
44,100,4267.469221
35,100,4267.603226
42,100,4268.134188
48,100,4268.660355
44,100,4269.190623
42,100,4269.717505
36,100,4269.846128
43,100,4270.380083
37,100,4270.90991
32,100,4271.463052
42,100,4271.591612
53,100,4272.12454
38,100,4272.655554
38,100,4273.183535
45,100,4273.704515
43,100,4273.837518
38,100,4274.367474
39,100,4274.890492
47,100,4275.416843
51,100,4275.546428
38,100,4276.075395
41,100,4276.604583
39,100,4277.129803
39,100,4277.658828
31,100,4277.789323
48,100,4278.333287
45,100,4278.876262
37,100,4279.405238
39,100,4279.544644
37,100,4280.086202
47,100,4280.614376
44,100,4281.14316
43,100,4281.67452
45,100,4281.803179
42,100,4282.334133
42,100,4282.870163
44,100,4283.396464
48,100,4283.921088
47,100,4284.048439
49,100,4284.576425
40,100,4285.099381
41,100,4285.625943
44,100,4285.753935
48,100,4286.284329
38,100,4286.829946
40,100,4287.355293
36,100,4287.883373
38,100,4288.014247
43,100,4288.546928
43,100,4289.07026
45,100,4289.600903
41,100,4289.729162
42,100,4290.264139
47,100,4290.794108
36,100,4291.321645
36,100,4291.851185
43,100,4291.980053
40,100,4292.509029
38,100,4293.033592
40,100,4293.55856
40,100,4293.685033
37,100,4294.217535
40,100,4294.766518
45,100,4295.294478
42,100,4295.820462
44,100,4295.970268
46,100,4296.513434
31,100,4297.038389
41,100,4297.569883
39,100,4298.09934
42,100,4298.23182
40,100,4298.763324
39,100,4299.289287
45,100,4299.815276
42,100,4299.944263
35,100,4300.495231
37,100,4301.027211
44,100,4301.556178
37,100,4302.084678
41,100,4302.214567
38,100,4302.746124
42,100,4303.269521
38,100,4303.798088
33,100,4303.930072
41,100,4304.45746
47,100,4305.001454
42,100,4305.525996
38,100,4306.050407
40,100,4306.183377
39,100,4306.766375
49,100,4307.320333
38,100,4308.0183
35,100,4308.153798
48,100,4308.701276
44,100,4309.249233
48,100,4309.791686
42,100,4310.357773
39,100,4310.508758
38,100,4311.070153
35,100,4311.605635
40,100,4312.287675
47,100,4312.837854
40,100,4312.991259
38,100,4313.583685
45,100,4314.138584
45,100,4314.682564
37,100,4314.822977
41,100,4315.362526
38,100,4315.95549
41,100,4316.497473
46,100,4317.032443
43,100,4317.177434
42,100,4317.714409
40,100,4318.255379
50,100,4318.833369
51,100,4318.974353
45,100,4319.530347
36,100,4320.08922
43,100,4320.667281
39,100,4321.21425
36,100,4321.342668
44,100,4321.886719
45,100,4322.422182
40,100,4322.974181
43,100,4323.108151
40,100,4323.660228
39,100,4324.204515
41,100,4324.748079
39,100,4325.289492
34,100,4325.421474
36,100,4325.971039
52,100,4326.543414
35,100,4327.103383
38,100,4327.642358
41,100,4327.775933
38,100,4328.319911
42,100,4328.864295
48,100,4329.402282
37,100,4329.542274
46,100,4330.180458
33,100,4330.781812
44,100,4331.334177
33,100,4331.886715
44,100,4332.017148
43,100,4332.569717
33,100,4333.147108
46,100,4333.686165
47,100,4333.824663
43,100,4334.358144
48,100,4334.907385
44,100,4335.476573
39,100,4336.01654
38,100,4336.150954
34,100,4336.683532
47,100,4337.211908
40,100,4337.747876
41,100,4337.890462
44,100,4338.432425
39,100,4338.967396
43,100,4339.49937
32,100,4340.028365
44,100,4340.161357
44,100,4340.705313
41,100,4341.239293
37,100,4341.767267
43,100,4342.303323
44,100,4342.448236
40,100,4343.000202
35,100,4343.525183
40,100,4344.049578
44,100,4344.178155
34,100,4344.714555
47,100,4345.247517
42,100,4345.78014
41,100,4346.310471
47,100,4346.446466
39,100,4346.996023
47,100,4347.527419
46,100,4348.05939
37,100,4348.193379
40,100,4348.725351
31,100,4349.250343
38,100,4349.773891
34,100,4350.299276
51,100,4350.429273
43,100,4350.961847
42,100,4351.501237
45,100,4352.029193
38,100,4352.156778
41,100,4352.684163
43,100,4353.217718
39,100,4353.748114
40,100,4354.274093
34,100,4354.402214
42,100,4354.935103
40,100,4355.464615
39,100,4355.99159
40,100,4356.51965
37,100,4356.654555
42,100,4357.185527
38,100,4357.729939
49,100,4358.264496
41,100,4358.404494
46,100,4358.952247
40,100,4359.478433
35,100,4360.005808
33,100,4360.534376
38,100,4360.665373
42,100,4361.192347
46,100,4361.716316
42,100,4362.237293
38,100,4362.381127
34,100,4362.920272
56,100,4363.44824
45,100,4363.97821
37,100,4364.509186
44,100,4364.638589
38,100,4365.177158
34,100,4365.70513
37,100,4366.236518
38,100,4366.370626
47,100,4366.896485
45,100,4367.428459
40,100,4367.962454
41,100,4368.489414
35,100,4368.618991
43,100,4369.149374
39,100,4369.681447
40,100,4370.210333
35,100,4370.730932
45,100,4370.865297
44,100,4371.397266
38,100,4371.933836
42,100,4372.456801
47,100,4372.588223
41,100,4373.13519
40,100,4373.662169
42,100,4374.195718
42,100,4374.750826
36,100,4374.891292
38,100,4375.424615
44,100,4375.958639
43,100,4376.491049
41,100,4376.623606
43,100,4377.153592
37,100,4377.678573
43,100,4378.203528
41,100,4378.725921
40,100,4378.856498
35,100,4379.384471
50,100,4379.909451
47,100,4380.435422
39,100,4380.564419
43,100,4381.089391
34,100,4381.618385
46,100,4382.160345
36,100,4382.688344
43,100,4382.821322
50,100,4383.350289
39,100,4383.88026
38,100,4384.41823
40,100,4384.96521
40,100,4385.102185
37,100,4385.642176
43,100,4386.177569
46,100,4386.702141
41,100,4386.828539
45,100,4387.359104
41,100,4387.897485
39,100,4388.425494
43,100,4388.951441
40,100,4389.081442
45,100,4389.611551
47,100,4390.138377
43,100,4390.683356
32,100,4390.820562
39,100,4391.355323
46,100,4391.881305
38,100,4392.410553
42,100,4392.937249
43,100,4393.071245
53,100,4393.600618
39,100,4394.13419
42,100,4394.663646
40,100,4394.795168
39,100,4395.323014
48,100,4395.855111
45,100,4396.381091
48,100,4396.909227
41,100,4397.046635
38,100,4397.572653
41,100,4398.097498
45,100,4398.624563
37,100,4399.147538
49,100,4399.276526
35,100,4399.806464
40,100,4400.330488
41,100,4400.855881
36,100,4401.004955
36,100,4401.537847
48,100,4402.066396
41,100,4402.594367
38,100,4403.135336
51,100,4403.266328
42,100,4403.794469
33,100,4404.320656
45,100,4404.851216
54,100,4404.982249
34,100,4405.50923
46,100,4406.032222
38,100,4406.577196
37,100,4407.120593
39,100,4407.25031
42,100,4407.779119
39,100,4408.307518
43,100,4408.850619
34,100,4408.983486
43,100,4409.51146
39,100,4410.039432
46,100,4410.568991
40,100,4411.096207
41,100,4411.224617
41,100,4411.756352
45,100,4412.284327
42,100,4412.81492
41,100,4413.360281
40,100,4413.49159
41,100,4414.020306
38,100,4414.550218
42,100,4415.072286
43,100,4415.201215
36,100,4415.733743
38,100,4416.256718
42,100,4416.780105
42,100,4417.307281
37,100,4417.438239
48,100,4417.965635
41,100,4418.491771
44,100,4419.029583
46,100,4419.162748
39,100,4419.693965
40,100,4420.223949
38,100,4420.751746
37,100,4421.277521
40,100,4421.410466
42,100,4421.942851
40,100,4422.481444
33,100,4423.028398
43,100,4423.159433
50,100,4423.702369
41,100,4424.238341
43,100,4424.765127
42,100,4425.290683
37,100,4425.419282
39,100,4425.948256
43,100,4426.470481
37,100,4426.996212
44,100,4427.518186
36,100,4427.650178
40,100,4428.183148
45,100,4428.716124
46,100,4429.240405
46,100,4429.37451
41,100,4429.909494
38,100,4430.43446
45,100,4430.961903
39,100,4431.497412
42,100,4431.630467
41,100,4432.163386
45,100,4432.689365
44,100,4433.232203
45,100,4433.370008
49,100,4433.90032
46,100,4434.420773
39,100,4434.947239
42,100,4435.473356
41,100,4435.600767
43,100,4436.132187
45,100,4436.654188
43,100,4437.178135
47,100,4437.302132
39,100,4437.841507
43,100,4438.393676
42,100,4438.945969
41,100,4439.474621
42,100,4439.607022
36,100,4440.171402
49,100,4440.722567
47,100,4441.306948
39,100,4441.854134
43,100,4441.990503
40,100,4442.529826
40,100,4443.063446
47,100,4443.616207
40,100,4443.772257
38,100,4444.314303
44,100,4444.846349
48,100,4445.369335
42,100,4445.899717
39,100,4446.031255
48,100,4446.562273
45,100,4447.09092
45,100,4447.622226
40,100,4447.750628
40,100,4448.310229
40,100,4448.90358
34,100,4449.503159
40,100,4450.101301
39,100,4450.240526
43,100,4450.790765
43,100,4451.337045
47,100,4451.868437
37,100,4451.999015
41,100,4452.550537
42,100,4453.098185
49,100,4453.644763
38,100,4454.22591
41,100,4454.387502
42,100,4454.968296
48,100,4455.510909
44,100,4456.056272
45,100,4456.630836
44,100,4456.8068
50,100,4457.38781
43,100,4457.944726
49,100,4458.481677
43,100,4458.614117
38,100,4459.168696
42,100,4459.822511
47,100,4460.487263
31,100,4461.04861
38,100,4461.177198
32,100,4461.71355
53,100,4462.24089
39,100,4462.776685
42,100,4462.924907
37,100,4463.592335
34,100,4464.135484
48,100,4464.749422
34,100,4465.296387
44,100,4465.435369
39,100,4465.965351
41,100,4466.492327
37,100,4467.017738
43,100,4467.149295
42,100,4467.713394
39,100,4468.36823
46,100,4469.043957
39,100,4469.627464
37,100,4469.759622
42,100,4470.339157
38,100,4470.912823
40,100,4471.58721
41,100,4472.235473
46,100,4472.368465
41,100,4472.924033
30,100,4473.611443
43,100,4474.183381
45,100,4474.322379
45,100,4474.889342
43,100,4475.434313
39,100,4475.986285
41,100,4476.529304
44,100,4476.665261
39,100,4477.204231
36,100,4477.80546
41,100,4478.389736
46,100,4478.563173
45,100,4479.256192
45,100,4479.79569
43,100,4480.341405
38,100,4480.89148
46,100,4481.021011
40,100,4481.549603
47,100,4482.09119
44,100,4482.656553
37,100,4482.808545
40,100,4483.388528
40,100,4483.960497
45,100,4484.529484
37,100,4485.223317
48,100,4485.387629
36,100,4486.010522
41,100,4486.584377
50,100,4487.171348
52,100,4487.747311
40,100,4487.889302
46,100,4488.445393
42,100,4489.01427
41,100,4489.563233
40,100,4489.718221
33,100,4490.268188
39,100,4490.811181
45,100,4491.358559
48,100,4491.896564
42,100,4492.027525
33,100,4492.556512
43,100,4493.090476
36,100,4493.621454
41,100,4493.75844
35,100,4494.29937
41,100,4494.842414
37,100,4495.388365
43,100,4495.931343
44,100,4496.069916
41,100,4496.60932
38,100,4497.144871
40,100,4497.687254
38,100,4497.827251
42,100,4498.36422
42,100,4498.904202
42,100,4499.457172
41,100,4500.094146
42,100,4500.234133
44,100,4500.772128
49,100,4501.331671
46,100,4501.999634
37,100,4502.740623
43,100,4502.961871
42,100,4503.66256
35,100,4504.344479
41,100,4505.074907
40,100,4505.219898
43,100,4505.901443
40,100,4506.607148
42,100,4507.180393
34,100,4507.78036
46,100,4507.927847
45,100,4508.475547
43,100,4509.07546
38,100,4509.750285
38,100,4509.904287
41,100,4510.560282
41,100,4511.22619
43,100,4511.878165
38,100,4512.55366
35,100,4512.755223
43,100,4513.526105
51,100,4514.316485
46,100,4515.096445
46,100,4515.296317
41,100,4516.044391
48,100,4516.746553
46,100,4517.442263
43,100,4518.224301
45,100,4518.422321
36,100,4519.193835
43,100,4519.917555
36,100,4520.650223
36,100,4521.39073
36,100,4521.577143
43,100,4522.3056
46,100,4523.038361
45,100,4523.756371
42,100,4523.943057
46,100,4524.676572
36,100,4525.397964
43,100,4526.123513
35,100,4526.849463
43,100,4527.033957
36,100,4527.757437
43,100,4528.475382
35,100,4529.191228
39,100,4529.36834
40,100,4530.103312
35,100,4530.827261
39,100,4531.557224
40,100,4532.277199
50,100,4532.459202
34,100,4533.169613
41,100,4533.877525
43,100,4534.610659
45,100,4534.804496
31,100,4535.530817
48,100,4536.258411
38,100,4536.982003
48,100,4537.709353
46,100,4537.906337
44,100,4538.636314
39,100,4539.371885
41,100,4540.105804
34,100,4540.821192
34,100,4541.004195
44,100,4541.730554
42,100,4542.470278
39,100,4543.179226
43,100,4543.353088
40,100,4544.072634
49,100,4544.816472
38,100,4545.521178
41,100,4546.234676
50,100,4546.415521
44,100,4547.133514
40,100,4547.855614
38,100,4548.554343
44,100,4548.740411
37,100,4549.442378
39,100,4550.184339
42,100,4550.972482
46,100,4551.725255
48,100,4551.913024
47,100,4552.625626
40,100,4553.332193
44,100,4554.059143
40,100,4554.235128
36,100,4554.942113
35,100,4555.64149
40,100,4556.329458
42,100,4557.015006
39,100,4557.185252
45,100,4557.873831
36,100,4558.568344
34,100,4559.280326
40,100,4559.997059
43,100,4560.174308
37,100,4560.907823
41,100,4561.615208
50,100,4562.32874
38,100,4562.51607
46,100,4563.220147
44,100,4563.921262
49,100,4564.613632
38,100,4565.313622
39,100,4565.493405
40,100,4566.237389
38,100,4566.979528
40,100,4567.697682
37,100,4567.88237
45,100,4568.59191
33,100,4569.295539
40,100,4570.016382
40,100,4570.747393
45,100,4570.922353
38,100,4571.626343
44,100,4572.332675
47,100,4573.035418
39,100,4573.197758
44,100,4573.912191
46,100,4574.616574
49,100,4575.315559
40,100,4576.036537
43,100,4576.215834
40,100,4576.958117
46,100,4577.670443
37,100,4578.391441
44,100,4579.113372
48,100,4579.292357
47,100,4580.00906
33,100,4580.73917
42,100,4581.47225
44,100,4581.652234
44,100,4582.387217
39,100,4583.140415
44,100,4583.909484
41,100,4584.624911
36,100,4584.818696
44,100,4585.506324
41,100,4586.218395
38,100,4586.942511
41,100,4587.118991
36,100,4587.837517
44,100,4588.518479
43,100,4589.215319
44,100,4589.921416
36,100,4590.099725
42,100,4590.825382
39,100,4591.521836
34,100,4592.24155
42,100,4592.417563
37,100,4593.151269
39,100,4593.891841
39,100,4594.602193
35,100,4595.309171
35,100,4595.491673
48,100,4596.210127
44,100,4596.927076
44,100,4597.627473
41,100,4598.336437
46,100,4598.530246
44,100,4599.264385
42,100,4599.978368
33,100,4600.673324
37,100,4600.858316
44,100,4601.54677
46,100,4602.271492
39,100,4603.004211
35,100,4603.725057
34,100,4603.908202
41,100,4604.620129
45,100,4605.336111
43,100,4606.051657
33,100,4606.239048
47,100,4606.988863
40,100,4607.693873
40,100,4608.421708
33,100,4609.134345
43,100,4609.303617
41,100,4610.011309
40,100,4610.707859
43,100,4611.424411
41,100,4611.592386
45,100,4612.291342
39,100,4612.99854
42,100,4613.703707
43,100,4614.44926
46,100,4614.63823
47,100,4615.383639
45,100,4616.093188
36,100,4616.823367
45,100,4617.531643
34,100,4617.7141
43,100,4618.437148
50,100,4619.151436
42,100,4619.855983
46,100,4620.028364
42,100,4620.714349
40,100,4621.418321
45,100,4622.128292
41,100,4622.818258
49,100,4622.993263
41,100,4623.685811
46,100,4624.3752
44,100,4625.093277
45,100,4625.263044
37,100,4625.976675
43,100,4626.695729
34,100,4627.406685
40,100,4628.107588
41,100,4628.285657
37,100,4629.005584
27,100,4629.714508
39,100,4630.463369
38,100,4630.648452
43,100,4631.37167
50,100,4632.076405
38,100,4632.801368
38,100,4633.494314
36,100,4633.666334
47,100,4634.373293
45,100,4635.087242
39,100,4635.80621
41,100,4636.506171
36,100,4636.677596
38,100,4637.399764
45,100,4638.099102
43,100,4638.822423
50,100,4638.992491
36,100,4639.70117
45,100,4640.411693
45,100,4641.12238
47,100,4641.827343
41,100,4642.001348
41,100,4642.703298
35,100,4643.438258
36,100,4644.158227
43,100,4644.343225
41,100,4645.067175
43,100,4645.781178
47,100,4646.511588
40,100,4647.241083
38,100,4647.423653
30,100,4648.142477
44,100,4648.872594
43,100,4649.581596
42,100,4649.757683
48,100,4650.478512
39,100,4651.195499
38,100,4651.905251
40,100,4652.629408
49,100,4652.820485
45,100,4653.538378
40,100,4654.264397
46,100,4654.979658
34,100,4655.698249
40,100,4655.891257
39,100,4656.607208
47,100,4657.316172
35,100,4658.020145
40,100,4658.200158
40,100,4658.915097
38,100,4659.613493
40,100,4660.329036
49,100,4661.040409
44,100,4661.214397
38,100,4661.926093
44,100,4662.66034
43,100,4663.387331
41,100,4663.556296
40,100,4664.256828
36,100,4664.956345
45,100,4665.663189
35,100,4666.39473
39,100,4666.588321
43,100,4667.291283
33,100,4667.998194
48,100,4668.718621
36,100,4668.900987
40,100,4669.589007
40,100,4670.301964
38,100,4670.998026
43,100,4671.700413
43,100,4671.886738
35,100,4672.595435
36,100,4673.297707
48,100,4674.002398
33,100,4674.708341
39,100,4674.895327
41,100,4675.5963
41,100,4676.306262
43,100,4677.025225
45,100,4677.208206
43,100,4677.947425
36,100,4678.682549
47,100,4679.415112
37,100,4680.142029
39,100,4680.321238
44,100,4681.054451
42,100,4681.784224
44,100,4682.496032
36,100,4682.661766
41,100,4683.379338
42,100,4684.085316
36,100,4684.80053
52,100,4685.515263
48,100,4685.694256
44,100,4686.415441
43,100,4687.130158
33,100,4687.853132
44,100,4688.037052
45,100,4688.741408
44,100,4689.485612
45,100,4690.241393
40,100,4691.011408
51,100,4691.193663
35,100,4691.928529
36,100,4692.642617
45,100,4693.355916
38,100,4694.073392
45,100,4694.259395
44,100,4694.863383
39,100,4695.432341
40,100,4696.106301
45,100,4696.276298
41,100,4696.999266
42,100,4697.715244
50,100,4698.431219
38,100,4699.14557
41,100,4699.332582
46,100,4700.06511
43,100,4700.776497
47,100,4701.494459
41,100,4701.665097
44,100,4702.375412
51,100,4703.094382
41,100,4703.800351
45,100,4704.529319
36,100,4704.704875
38,100,4705.427484
45,100,4706.140239
46,100,4706.889387
42,100,4707.066194
31,100,4707.799171
33,100,4708.512127
39,100,4709.242693
44,100,4709.954635
37,100,4710.129185
41,100,4710.887005
44,100,4711.571636
49,100,4712.266516
47,100,4712.963897
38,100,4713.141144
39,100,4713.873455
41,100,4714.59041
44,100,4715.306385
48,100,4715.481359
40,100,4716.191337
45,100,4716.902308
46,100,4717.603329
37,100,4718.329236
45,100,4718.514259
43,100,4719.236182
43,100,4719.942033
39,100,4720.651743
44,100,4720.837545
49,100,4721.544493
44,100,4722.249482
55,100,4722.957426
37,100,4723.641571
40,100,4723.835373
37,100,4724.554342
34,100,4725.268322
40,100,4725.985286
40,100,4726.160271
42,100,4726.922425
36,100,4727.639782
40,100,4728.353163
33,100,4729.064482
44,100,4729.235595
49,100,4729.954668
40,100,4730.666074
41,100,4731.386596
33,100,4732.114987
43,100,4732.296557
48,100,4733.029724
44,100,4733.763538
51,100,4734.494456
48,100,4734.669926
41,100,4735.389158
42,100,4736.098383
43,100,4736.82286
38,100,4737.539722
39,100,4737.709719
35,100,4738.409263
45,100,4739.120274
42,100,4739.851646
42,100,4740.015762
45,100,4740.737143
44,100,4741.458108
47,100,4742.179504
45,100,4742.92646
44,100,4743.117457
45,100,4743.821071
38,100,4744.505381
44,100,4745.206348
37,100,4745.380368
37,100,4746.087327
33,100,4746.80127
38,100,4747.493253
38,100,4748.190201
37,100,4748.366219
42,100,4749.077161
39,100,4749.789541
43,100,4750.517722
42,100,4751.233075
39,100,4751.413178
39,100,4752.129601
42,100,4752.845997
44,100,4753.56853
43,100,4753.741343
41,100,4754.467492
47,100,4755.16946
40,100,4755.89657
39,100,4756.615791
43,100,4756.807382
39,100,4757.531339
40,100,4758.213295
41,100,4758.929285
38,100,4759.056256
40,100,4759.598648
39,100,4760.210231
42,100,4760.770187
38,100,4761.396261
40,100,4761.527163
44,100,4762.124615
48,100,4762.697088
31,100,4763.277191
44,100,4763.406471
42,100,4764.071464
34,100,4764.749408
44,100,4765.448379
45,100,4766.15735
40,100,4766.331327
38,100,4767.054903
34,100,4767.768867
36,100,4768.460807
46,100,4769.176918
36,100,4769.35518
37,100,4770.06773
33,100,4770.769152
40,100,4771.477144
36,100,4771.639656
40,100,4772.34803
38,100,4773.052153
41,100,4773.747071
42,100,4774.463541
43,100,4774.660224
44,100,4775.350484
45,100,4776.053205
39,100,4776.731164
47,100,4776.888401
48,100,4777.590371
38,100,4778.287024
46,100,4779.001262
39,100,4779.722762
37,100,4779.907257
42,100,4780.616226
32,100,4781.323191
42,100,4782.039487
42,100,4782.195155
49,100,4782.913131
51,100,4783.616506
48,100,4784.321054
43,100,4785.0183
42,100,4785.188214
47,100,4785.911209
38,100,4786.606946
37,100,4787.308069
42,100,4788.007388
41,100,4788.181178
41,100,4788.898836
45,100,4789.597203
48,100,4790.313785
30,100,4790.501857
42,100,4791.239373
46,100,4791.952872
44,100,4792.665653
49,100,4793.388181
44,100,4793.562758
37,100,4794.259156
38,100,4794.959541
43,100,4795.645517
49,100,4795.817513
50,100,4796.516473
45,100,4797.203433
41,100,4797.897393
44,100,4798.596357
45,100,4798.785567
47,100,4799.497311
44,100,4800.201293
47,100,4800.923807
41,100,4801.096764
42,100,4801.817203
41,100,4802.530162
47,100,4803.258123
38,100,4803.967883
40,100,4804.135505
39,100,4804.842479
42,100,4805.547944
40,100,4806.263414
47,100,4807.011999
43,100,4807.191002
39,100,4807.892325
41,100,4808.590691
31,100,4809.305261
40,100,4809.476248
50,100,4810.194581
36,100,4810.891222
44,100,4811.57375
37,100,4812.276644
34,100,4812.442698
49,100,4813.170674
43,100,4813.878158
34,100,4814.577614
44,100,4814.747648
31,100,4815.454535
41,100,4816.159729
41,100,4816.864602
30,100,4817.567442
46,100,4817.740372
47,100,4818.442544
36,100,4819.137402
38,100,4819.830667
34,100,4819.995756
40,100,4820.696291
43,100,4821.409867
48,100,4822.116705
32,100,4822.857211
43,100,4823.042723
46,100,4823.758139
42,100,4824.4501
38,100,4825.176382
44,100,4825.892449
37,100,4826.067463
43,100,4826.80267
44,100,4827.50296
49,100,4828.211638
44,100,4828.383365
39,100,4829.094315
44,100,4829.811267
39,100,4830.503252
47,100,4831.210819
39,100,4831.391196
38,100,4832.100505
42,100,4832.838497
49,100,4833.555633
44,100,4833.727094
42,100,4834.432476
45,100,4835.141563
33,100,4835.84556
43,100,4836.573177
42,100,4836.754527
50,100,4837.472493
50,100,4838.18046
42,100,4838.921269
39,100,4839.098888
36,100,4839.805362
46,100,4840.508785
50,100,4841.218579
48,100,4841.913264
40,100,4842.083259
38,100,4842.80722
39,100,4843.508636
36,100,4844.324142
44,100,4845.147106
51,100,4845.311141
44,100,4846.046506
42,100,4846.774785
44,100,4847.489438
47,100,4847.668984
33,100,4848.41885
36,100,4849.151227
39,100,4849.846299
40,100,4850.538862
38,100,4850.70427
48,100,4851.408792
45,100,4852.116698
43,100,4852.822183
42,100,4853.000334
38,100,4853.715106
40,100,4854.44408
34,100,4855.176625
43,100,4855.884627
44,100,4856.048002
38,100,4856.759431
39,100,4857.47852
38,100,4858.185473
41,100,4858.351483
41,100,4859.047408
51,100,4859.742406
44,100,4860.461432
37,100,4861.171539
37,100,4861.34534
37,100,4862.039295
38,100,4862.740269
40,100,4863.441234
39,100,4864.139761
36,100,4864.310194
51,100,4865.014147
39,100,4865.709112
39,100,4866.409272
40,100,4866.578486
43,100,4867.28359
49,100,4868.005427
38,100,4868.718981
46,100,4869.434932
48,100,4869.62347
40,100,4870.36531
41,100,4871.108763
43,100,4871.834264
39,100,4872.008256
41,100,4872.731205
36,100,4873.437786
39,100,4874.138585
41,100,4874.834676
42,100,4875.005736
49,100,4875.694649
33,100,4876.391619
45,100,4877.080734
41,100,4877.250277
43,100,4877.965515
43,100,4878.672915
42,100,4879.376873
45,100,4880.11544
41,100,4880.290426
39,100,4880.999383
46,100,4881.70957
38,100,4882.432151
38,100,4883.142319
41,100,4883.306271
41,100,4884.020252
43,100,4884.707201
35,100,4885.410609
39,100,4885.581153
43,100,4886.296149
47,100,4887.013525
37,100,4887.710587
36,100,4888.406474
42,100,4888.590448
41,100,4889.311428
39,100,4890.052385
39,100,4890.790333
42,100,4890.964358
45,100,4891.657275
39,100,4892.217257
41,100,4892.749238
38,100,4893.301201
41,100,4893.435157
42,100,4893.974166
48,100,4894.541826
37,100,4895.232504
36,100,4895.379699
46,100,4896.059657
55,100,4896.620623
42,100,4897.162479
33,100,4897.803653
41,100,4897.960689
38,100,4898.539537
51,100,4899.238341
44,100,4899.854498
39,100,4900.468488
42,100,4900.615779
38,100,4901.282428
42,100,4901.92042
37,100,4902.46935
39,100,4902.623351
43,100,4903.257306
46,100,4903.821324
35,100,4904.413054
48,100,4904.982324
44,100,4905.119213
40,100,4905.705598
35,100,4906.344155
39,100,4906.9382
43,100,4907.079122
37,100,4907.632138
42,100,4908.250058
40,100,4908.829964
42,100,4909.456828
44,100,4909.583429
41,100,4910.112324
41,100,4910.627945
39,100,4911.156337
40,100,4911.274329
48,100,4911.798639
34,100,4912.322284
35,100,4912.91325
42,100,4913.497484
44,100,4913.626222
40,100,4914.239192
39,100,4914.766168
35,100,4915.287155
37,100,4915.798142
36,100,4915.916698
42,100,4916.4368
41,100,4916.951303
34,100,4917.468627
42,100,4917.586026
35,100,4918.108598
44,100,4918.644977
37,100,4919.167767
42,100,4919.685554
46,100,4919.801848
37,100,4920.31949
43,100,4920.834456
42,100,4921.347428
31,100,4921.471578
39,100,4922.006403
45,100,4922.519238
46,100,4923.036348
38,100,4923.548334
43,100,4923.664322
38,100,4924.180297
39,100,4924.697275
42,100,4925.211262
47,100,4925.329247
44,100,4925.843217
47,100,4926.391191
46,100,4926.933153
40,100,4927.449138
49,100,4927.567131
34,100,4928.084508
41,100,4928.599507
37,100,4929.114479
45,100,4929.626458
37,100,4929.741769
42,100,4930.263579
47,100,4930.779573
37,100,4931.293124
48,100,4931.409955
36,100,4931.927345
39,100,4932.441149
43,100,4932.955288
35,100,4933.466851
30,100,4933.585264
41,100,4934.104268
47,100,4934.634804
43,100,4935.162815
47,100,4935.283189
49,100,4935.80142
33,100,4936.31514
43,100,4936.831694
47,100,4937.346678
40,100,4937.465205
43,100,4937.981325
42,100,4938.500918
50,100,4939.016126
35,100,4939.129579
41,100,4939.647077
42,100,4940.161541
47,100,4940.675923
46,100,4941.189483
38,100,4941.30647
43,100,4941.824871
44,100,4942.338846
41,100,4942.851324
47,100,4943.361727
47,100,4943.479372
38,100,4943.996408
39,100,4944.510329
40,100,4945.024302
54,100,4945.141212
44,100,4945.658268
46,100,4946.173243
41,100,4946.695568
40,100,4947.215177
42,100,4947.331668
36,100,4947.848581
43,100,4948.36114
44,100,4948.875112
41,100,4948.990563
43,100,4949.507498
39,100,4950.021445
47,100,4950.551455
38,100,4951.078149
42,100,4951.193412
42,100,4951.709978
40,100,4952.220376
38,100,4952.733361
43,100,4952.848505
43,100,4953.362484
46,100,4953.877288
45,100,4954.393269
39,100,4954.909346
44,100,4955.025388
33,100,4955.541343
38,100,4956.058658
44,100,4956.573164
43,100,4957.088141
42,100,4957.205709
43,100,4957.723112
45,100,4958.236386
45,100,4958.746808
39,100,4958.861053
36,100,4959.377025
48,100,4959.887719
45,100,4960.401652
37,100,4960.916955
46,100,4961.032587
37,100,4961.548501
40,100,4962.062151
44,100,4962.574453
38,100,4962.690404
44,100,4963.210142
39,100,4963.725816
38,100,4964.244385
42,100,4964.758354
43,100,4964.877343
45,100,4965.393329
39,100,4965.907443
53,100,4966.433711
35,100,4966.560283
45,100,4967.086321
36,100,4967.600172
43,100,4968.112616
45,100,4968.626165
37,100,4968.741168
36,100,4969.256135
36,100,4969.772127
39,100,4970.288189
40,100,4970.802132
39,100,4970.9196
39,100,4971.440452
47,100,4971.954017
50,100,4972.470408
33,100,4972.588401
42,100,4973.105749
42,100,4973.623924
45,100,4974.13834
36,100,4974.651885
41,100,4974.769292
49,100,4975.288858
47,100,4975.803822
42,100,4976.320349
40,100,4976.437794
46,100,4976.958189
36,100,4977.471751
48,100,4977.986143
44,100,4978.509117
34,100,4978.635689
42,100,4979.151648
48,100,4979.676639
34,100,4980.191311
42,100,4980.305379
37,100,4980.824586
42,100,4981.338172
50,100,4981.855532
44,100,4982.379963
39,100,4982.505505
48,100,4983.035534
39,100,4983.551508
36,100,4984.066432
42,100,4984.581406
42,100,4984.699395
40,100,4985.215374
36,100,4985.745349
33,100,4986.267329
47,100,4986.382322
37,100,4986.913299
36,100,4987.452718
45,100,4988.024251
41,100,4988.579783
36,100,4988.710227
42,100,4989.261178
39,100,4989.799583
40,100,4990.354131
46,100,4990.474127
41,100,4990.993523
37,100,4991.510073
48,100,4992.030058
34,100,4992.546446
37,100,4992.663444
39,100,4993.182417
40,100,4993.696965
30,100,4994.212943
41,100,4994.328229
44,100,4994.84433
49,100,4995.359313
36,100,4995.878284
36,100,4996.391269
43,100,4996.505254
38,100,4997.020943
37,100,4997.532788
37,100,4998.04426
40,100,4998.574152
47,100,4998.697177
50,100,4999.220728
37,100,4999.732105
44,100,5000.246443
42,100,5000.363654
48,100,5000.882627
36,100,5001.398605
45,100,5001.914577
45,100,5002.430587
41,100,5002.54955
47,100,5003.065938
40,100,5003.577502
38,100,5004.090757
39,100,5004.207118
39,100,5004.721466
40,100,5005.233427
43,100,5005.746407
41,100,5006.259414
35,100,5006.374364
42,100,5006.894341
39,100,5007.406314
48,100,5007.9213
49,100,5008.036705
40,100,5008.550263
34,100,5009.062095
40,100,5009.579223
46,100,5010.094187
36,100,5010.210603
42,100,5010.731153
42,100,5011.247548
40,100,5011.763121
41,100,5012.27728
42,100,5012.3925
42,100,5012.912475
41,100,5013.427452
36,100,5013.941423
47,100,5014.056415
35,100,5014.589415
46,100,5015.114944
38,100,5015.62634
45,100,5016.138252
38,100,5016.256891
32,100,5016.772578
50,100,5017.286259
42,100,5017.798836
43,100,5017.912358
38,100,5018.431211
43,100,5018.946187
44,100,5019.459155
48,100,5019.973678
41,100,5020.088162
43,100,5020.607685
48,100,5021.121094
44,100,5021.63664
39,100,5021.754043
37,100,5022.270618
42,100,5022.786577
41,100,5023.30057
43,100,5023.81353
39,100,5023.929525
42,100,5024.446517
50,100,5024.958476
51,100,5025.472524
31,100,5025.987427
43,100,5026.102424
30,100,5026.619396
37,100,5027.133708
39,100,5027.646349
36,100,5027.764349
44,100,5028.310328
44,100,5028.825291
42,100,5029.345284
44,100,5029.863295
45,100,5029.981293
50,100,5030.514532
39,100,5031.045187
36,100,5031.566155
46,100,5031.683155
35,100,5032.203133
42,100,5032.716524
38,100,5033.228504
39,100,5033.742104
44,100,5033.857469
41,100,5034.370567
42,100,5034.883002
36,100,5035.395404
42,100,5035.509399
38,100,5036.023947
50,100,5036.537346
35,100,5037.0479
46,100,5037.563296
37,100,5037.678872
47,100,5038.195266
37,100,5038.710248
38,100,5039.231241
37,100,5039.747205
48,100,5039.863495
44,100,5040.381157
47,100,5040.897138
52,100,5041.415114
40,100,5041.529104
39,100,5042.05134
38,100,5042.562636
42,100,5043.081036
49,100,5043.594595
43,100,5043.710143
40,100,5044.227554
45,100,5044.740541
42,100,5045.253511
45,100,5045.369927
33,100,5045.88848
41,100,5046.414871
42,100,5046.946857
36,100,5047.462209
37,100,5047.579898
39,100,5048.098372
41,100,5048.613475
40,100,5049.127324
36,100,5049.242482
40,100,5049.755289
31,100,5050.275264
42,100,5050.789669
45,100,5051.302638
45,100,5051.416489
36,100,5051.932191
42,100,5052.444164
38,100,5052.95914
39,100,5053.473559
41,100,5053.593114
46,100,5054.121104
48,100,5054.635061
41,100,5055.148472
37,100,5055.262446
42,100,5055.780005
37,100,5056.293408
38,100,5056.808376
44,100,5057.323698
48,100,5057.441186
36,100,5057.958907
39,100,5058.475291
32,100,5058.992277
45,100,5059.110283
46,100,5059.631253
46,100,5060.146217
42,100,5060.659777
37,100,5061.179758
34,100,5061.305166
41,100,5061.856712
45,100,5062.506702
41,100,5063.251361
39,100,5063.391084
46,100,5063.931619
49,100,5064.457587
45,100,5064.976564
34,100,5065.490547
39,100,5065.607542
35,100,5066.128509
41,100,5066.643491
46,100,5067.156462
34,100,5067.670247
44,100,5067.786436
40,100,5068.304408
46,100,5068.823381
39,100,5069.340365
44,100,5069.459354
42,100,5069.978338
37,100,5070.490316
42,100,5071.003298
44,100,5071.516259
40,100,5071.63125
40,100,5072.149222
42,100,5072.661208
39,100,5073.177589
38,100,5073.292335
39,100,5073.812142
41,100,5074.322143
48,100,5074.837516
41,100,5075.354523
34,100,5075.471586
45,100,5075.990467
50,100,5076.506438
42,100,5077.020422
36,100,5077.135987
49,100,5077.656385
42,100,5078.185359
39,100,5078.732558
49,100,5079.25571
45,100,5079.3707
38,100,5079.888272
33,100,5080.404251
48,100,5080.92239
46,100,5081.439201
32,100,5081.555199
41,100,5082.074179
43,100,5082.588722
42,100,5083.104709
46,100,5083.220118
46,100,5083.736461
38,100,5084.255061
37,100,5084.771448
35,100,5085.28602
43,100,5085.400768
46,100,5085.920848
38,100,5086.436464
30,100,5086.954284
39,100,5087.069278
49,100,5087.586868
42,100,5088.101107
41,100,5088.617437
38,100,5089.133432
36,100,5089.249413
48,100,5089.772391
46,100,5090.287359
50,100,5090.800341
38,100,5090.913336
37,100,5091.430307
38,100,5091.945813
34,100,5092.457271
35,100,5092.969688
44,100,5093.087222
41,100,5093.605211
41,100,5094.122181
39,100,5094.657162
41,100,5095.175127
41,100,5095.294534
41,100,5095.813507
43,100,5096.327489
43,100,5096.844049
43,100,5096.960051
40,100,5097.481436
39,100,5097.993997
34,100,5098.515383
36,100,5099.052501
40,100,5099.174569
50,100,5099.709326
40,100,5100.247304
38,100,5100.765275
32,100,5100.882412
45,100,5101.411862
45,100,5101.948223
48,100,5102.470204
43,100,5103.090766
40,100,5103.20674
41,100,5103.724135
52,100,5104.264715
40,100,5104.794671
40,100,5104.911091
43,100,5105.434064
43,100,5105.956597
47,100,5106.486019
44,100,5107.00299
41,100,5107.12062
41,100,5107.637532
45,100,5108.149335
31,100,5108.666498
42,100,5109.179469
38,100,5109.296871
39,100,5109.82186
38,100,5110.34241
39,100,5110.880384
43,100,5110.998372
43,100,5111.517356
45,100,5112.035553
49,100,5112.554816
48,100,5113.069381
39,100,5113.187264
33,100,5113.705247
46,100,5114.218219
49,100,5114.73219
43,100,5114.84819
36,100,5115.367166
46,100,5115.882192
42,100,5116.398116
49,100,5116.913436
42,100,5117.027131
37,100,5117.54548
48,100,5118.060451
44,100,5118.581829
44,100,5118.697424
39,100,5119.21354
42,100,5119.726375
39,100,5120.237355
41,100,5120.751324
45,100,5120.866316
36,100,5121.382887
43,100,5121.896277
43,100,5122.491625
40,100,5123.075796
42,100,5123.201301
43,100,5123.777411
45,100,5124.309161
35,100,5124.835314
48,100,5124.96233
42,100,5125.487096
36,100,5126.008076
41,100,5126.558652
37,100,5127.182513
38,100,5127.341164
41,100,5127.964559
45,100,5128.506541
41,100,5129.033927
40,100,5129.155511
36,100,5129.685481
38,100,5130.200454
39,100,5130.722136
35,100,5131.277407
32,100,5131.416393
47,100,5132.028364
35,100,5132.550354
44,100,5133.075256
41,100,5133.193312
47,100,5133.717289
41,100,5134.241269
49,100,5134.859231
49,100,5135.424244
45,100,5135.559631
38,100,5136.193044
41,100,5136.737147
44,100,5137.328134
42,100,5137.862516
45,100,5137.984531
42,100,5138.520481
41,100,5139.052034
45,100,5139.584008
39,100,5139.714999
41,100,5140.337399
44,100,5141.000289
42,100,5141.641332
52,100,5142.165436
39,100,5142.294297
44,100,5142.850278
40,100,5143.39525
36,100,5143.923224
40,100,5144.047221
42,100,5144.591565
42,100,5145.136339
33,100,5145.702154
36,100,5146.279694
43,100,5146.418638
42,100,5146.986445
43,100,5147.528368
48,100,5148.056312
37,100,5148.176616
34,100,5148.705865
45,100,5149.233566
45,100,5149.768534
37,100,5150.299638
42,100,5150.417519
45,100,5150.966014
42,100,5151.50646
48,100,5152.047162
41,100,5152.625145
50,100,5152.763371
39,100,5153.369357
44,100,5153.948324
41,100,5154.499308
37,100,5154.617304
49,100,5155.156267
48,100,5155.696242
32,100,5156.225222
41,100,5156.750447
43,100,5156.867802
40,100,5157.40416
47,100,5157.939142
45,100,5158.565852
40,100,5158.696515
37,100,5159.228081
52,100,5159.752472
46,100,5160.270453
45,100,5160.804415
38,100,5160.939419
38,100,5161.472533
39,100,5162.029355
42,100,5162.588356
36,100,5162.715903
43,100,5163.260316
49,100,5163.792601
48,100,5164.31825
40,100,5164.838552
40,100,5164.971551
44,100,5165.504195
34,100,5166.040428
37,100,5166.585427
44,100,5167.162443
37,100,5167.32867
39,100,5167.891709
43,100,5168.410244
39,100,5168.956653
37,100,5169.073646
41,100,5169.689237
38,100,5170.299545
36,100,5170.920946
41,100,5171.475504
40,100,5171.626494
44,100,5172.185873
42,100,5172.707851
46,100,5173.22945
34,100,5173.348456
41,100,5173.871386
37,100,5174.397775
47,100,5174.940759
42,100,5175.453429
49,100,5175.570307
36,100,5176.089269
53,100,5176.628663
42,100,5177.147233
40,100,5177.265234
40,100,5177.782199
43,100,5178.30022
42,100,5178.824153
37,100,5179.341118
47,100,5179.463108
39,100,5179.986501
35,100,5180.506486
39,100,5181.025596
42,100,5181.543112
41,100,5181.661012
42,100,5182.189414
45,100,5182.713368
41,100,5183.233922
51,100,5183.361253
47,100,5183.981322
43,100,5184.499299
39,100,5185.015303
42,100,5185.531714
41,100,5185.651428
41,100,5186.176227
40,100,5186.691778
41,100,5187.207161
43,100,5187.325154
37,100,5187.845143
43,100,5188.360807
36,100,5188.877083
34,100,5189.395252
40,100,5189.514181
37,100,5190.0346
40,100,5190.56458
34,100,5191.094504
44,100,5191.21656
44,100,5191.734626
47,100,5192.2512
32,100,5192.777471
38,100,5193.294447
40,100,5193.412455
39,100,5193.990446
40,100,5194.53939
38,100,5195.090359
36,100,5195.631383
47,100,5195.757386
46,100,5196.306306
50,100,5196.842738
42,100,5197.420262
39,100,5197.555258
46,100,5198.096238
42,100,5198.62036
40,100,5199.143164
41,100,5199.660142
42,100,5199.780139
35,100,5200.302539
39,100,5200.826717
39,100,5201.343482
41,100,5201.462481
35,100,5201.980497
48,100,5202.520005
46,100,5203.049986
39,100,5203.585019
46,100,5203.715364
41,100,5204.333243
41,100,5204.900645
39,100,5205.429148
44,100,5205.549285
40,100,5206.077034
44,100,5206.62225
47,100,5207.188792
42,100,5207.752181
42,100,5207.893167
41,100,5208.436917
43,100,5208.970118
35,100,5209.495678
43,100,5210.036845
41,100,5210.158932
36,100,5210.686619
41,100,5211.215499
40,100,5211.750576
41,100,5211.869183
42,100,5212.442548
47,100,5212.994395
37,100,5213.528484
50,100,5214.054643
31,100,5214.174674
46,100,5214.699776
45,100,5215.219398
39,100,5215.755492
40,100,5215.880576
45,100,5216.420315
41,100,5216.946194
35,100,5217.471293
37,100,5218.010338
47,100,5218.134264
40,100,5218.664234
39,100,5219.209417
39,100,5219.771388
37,100,5219.911617
43,100,5220.445573
36,100,5220.976127
46,100,5221.497538
47,100,5222.037091
46,100,5222.164487
42,100,5222.730491
44,100,5223.34944
46,100,5223.904409
50,100,5224.440383
46,100,5224.572383
45,100,5225.12693
39,100,5225.72166
46,100,5226.328871
45,100,5226.482293
32,100,5227.037248
40,100,5227.585245
43,100,5228.13723
44,100,5228.680176
41,100,5228.816035
42,100,5229.370303
39,100,5229.915118
45,100,5230.452244
41,100,5230.590037
46,100,5231.125547
53,100,5231.644757
40,100,5232.171157
45,100,5232.69259
50,100,5232.831559
44,100,5233.366957
37,100,5233.897515
46,100,5234.419302
38,100,5234.538906
44,100,5235.061472
40,100,5235.57643
38,100,5236.111404
46,100,5236.630439
43,100,5236.751373
45,100,5237.275352
35,100,5237.795322
42,100,5238.321709
41,100,5238.862284
38,100,5238.980374
44,100,5239.50167
43,100,5240.021222
39,100,5240.545192
41,100,5240.667608
42,100,5241.198162
35,100,5241.725557
41,100,5242.252114
47,100,5242.783545
43,100,5242.903089
39,100,5243.427055
42,100,5243.95545
43,100,5244.493436
36,100,5244.615419
38,100,5245.142401
44,100,5245.661952
38,100,5246.206337
45,100,5246.751319
40,100,5246.882897
42,100,5247.414861
44,100,5247.94806
34,100,5248.477253
41,100,5248.614225
35,100,5249.194197
43,100,5249.718283
38,100,5250.297172
51,100,5250.814741
38,100,5250.931121
36,100,5251.451715
37,100,5251.967659
40,100,5252.484624
38,100,5253.000682
43,100,5253.118121
49,100,5253.637565
36,100,5254.156554
37,100,5254.695949
40,100,5254.817514
41,100,5255.340487
42,100,5255.860487
38,100,5256.395438
50,100,5256.921412
43,100,5257.059407
44,100,5257.588381
42,100,5258.106356
39,100,5258.624335
45,100,5258.745752
45,100,5259.281311
41,100,5259.821289
41,100,5260.338253
35,100,5260.855227
39,100,5260.972222
44,100,5261.505197
45,100,5262.025167
42,100,5262.553152
47,100,5262.695144
36,100,5263.26654
45,100,5263.820169
40,100,5264.382068
38,100,5264.93047
38,100,5265.068025
39,100,5265.590005
49,100,5266.105393
38,100,5266.622378
45,100,5267.142349
45,100,5267.260337
41,100,5267.778906
38,100,5268.291872
42,100,5268.808844
37,100,5268.923271
34,100,5269.441831
47,100,5269.960808
40,100,5270.503192
40,100,5271.056734
46,100,5271.175163
37,100,5271.697707
42,100,5272.215686
45,100,5272.753123
43,100,5272.885067
49,100,5273.431672
35,100,5273.974308
47,100,5274.514999
42,100,5275.034554
41,100,5275.152547
44,100,5275.67253
38,100,5276.189499
41,100,5276.708143
41,100,5276.824481
44,100,5277.337861
40,100,5277.860414
44,100,5278.381415
36,100,5278.900743
42,100,5279.019366
42,100,5279.535296
40,100,5280.051741
43,100,5280.565287
37,100,5281.083276
38,100,5281.199258
32,100,5281.719238
46,100,5282.237215
43,100,5282.755192
40,100,5282.873174
47,100,5283.391544
50,100,5283.90713
40,100,5284.422527
41,100,5284.9365
41,100,5285.053498
42,100,5285.572934
38,100,5286.085019
40,100,5286.621449
48,100,5286.745406
42,100,5287.263978
36,100,5287.785366
41,100,5288.350368
37,100,5288.953306
49,100,5289.069298
42,100,5289.585276
39,100,5290.103256
36,100,5290.623222
51,100,5290.7388
41,100,5291.260194
40,100,5291.830758
44,100,5292.356143
41,100,5292.880263
46,100,5292.996696
39,100,5293.514672
45,100,5294.031607
43,100,5294.548627
37,100,5295.060015
43,100,5295.178592
48,100,5295.696984
40,100,5296.209541
45,100,5296.724515
45,100,5296.84152
46,100,5297.365483
41,100,5297.890236
43,100,5298.407437
47,100,5298.925358
43,100,5299.042414
38,100,5299.563399
39,100,5300.078356
44,100,5300.597336
43,100,5300.718324
37,100,5301.240308
46,100,5301.755703
44,100,5302.304262
44,100,5302.911743
40,100,5303.040223
35,100,5303.617195
43,100,5304.155604
36,100,5304.768129
37,100,5304.885127
42,100,5305.402102
47,100,5305.917074
33,100,5306.433478
45,100,5306.965454
46,100,5307.088447
40,100,5307.613005
40,100,5308.127996
42,100,5308.655362
45,100,5309.171434
36,100,5309.288919
47,100,5309.833905
38,100,5310.352293
48,100,5310.869274
41,100,5310.986254
44,100,5311.531822
43,100,5312.052214
44,100,5312.573189
44,100,5313.099735
41,100,5313.218144
42,100,5313.75331
38,100,5314.286679
40,100,5314.809659
43,100,5314.928645
39,100,5315.448623
43,100,5315.963636
43,100,5316.479576
41,100,5317.041882
40,100,5317.185538
45,100,5317.767527
41,100,5318.361016
40,100,5318.901605
45,100,5319.02046
41,100,5319.60043
42,100,5320.129396
40,100,5320.648376
40,100,5321.164345
38,100,5321.281351
41,100,5321.805351
37,100,5322.385288
42,100,5322.906262
39,100,5323.426483
38,100,5323.54724
42,100,5324.067627
37,100,5324.58319
42,100,5325.100163
37,100,5325.215151
40,100,5325.733137
41,100,5326.249103
35,100,5326.775511
40,100,5327.345049
44,100,5327.471467
44,100,5327.990445
43,100,5328.506417
37,100,5329.022396
43,100,5329.138392
41,100,5329.657943
44,100,5330.181463
46,100,5330.697897
43,100,5331.215395
43,100,5331.331782
48,100,5331.853263
38,100,5332.369818
40,100,5332.887212
40,100,5333.003787
43,100,5333.51718
40,100,5334.047158
47,100,5334.578126
42,100,5335.107627
44,100,5335.22268
29,100,5335.736659
40,100,5336.25064
39,100,5336.763029
48,100,5337.273382
52,100,5337.391637
32,100,5337.939582
42,100,5338.556578
41,100,5339.174488
37,100,5339.296902
43,100,5339.897478
33,100,5340.418443
39,100,5340.951416
38,100,5341.471382
36,100,5341.590388
37,100,5342.107349
45,100,5342.622326
50,100,5343.193308
39,100,5343.315294
39,100,5343.835264
39,100,5344.346246
34,100,5344.862226
40,100,5345.374199
43,100,5345.492187
48,100,5346.019163
37,100,5346.540145
44,100,5347.057112
45,100,5347.171119
38,100,5347.688081
39,100,5348.204487
37,100,5348.749453
40,100,5349.296005
42,100,5349.41242
46,100,5349.932399
37,100,5350.463378
49,100,5351.002349
41,100,5351.519323
39,100,5351.635898
34,100,5352.165293
39,100,5352.69327
41,100,5353.207823
45,100,5353.324231
42,100,5353.843214
38,100,5354.354182
46,100,5354.868747
46,100,5355.380725
45,100,5355.496154
36,100,5356.013023
40,100,5356.526668
45,100,5357.041594
45,100,5357.159059
41,100,5357.718026
39,100,5358.24359
46,100,5358.762578
46,100,5359.298966
37,100,5359.423532
45,100,5359.943504
40,100,5360.458488
47,100,5361.023861
41,100,5361.149445
45,100,5361.669363
43,100,5362.196422
39,100,5362.72437
38,100,5363.246348
38,100,5363.361347
43,100,5363.88432
39,100,5364.400301
36,100,5364.915265
50,100,5365.467636
39,100,5365.597231
36,100,5366.120212
39,100,5366.666091
40,100,5367.192157
43,100,5367.318162
40,100,5367.891546
42,100,5368.4081
39,100,5368.925075
44,100,5369.44648
47,100,5369.564059
49,100,5370.086438
40,100,5370.606
49,100,5371.124387
37,100,5371.238965
41,100,5371.76236
43,100,5372.316648
40,100,5372.923154
47,100,5373.518379
33,100,5373.634334
44,100,5374.15482
42,100,5374.666228
39,100,5375.180197
41,100,5375.295765
46,100,5375.809743
55,100,5376.324135
43,100,5376.840123
39,100,5377.353092
40,100,5377.470081
52,100,5377.989642
38,100,5378.507037
38,100,5379.025005
48,100,5379.546162
36,100,5379.69089
45,100,5380.220535
37,100,5380.734511
45,100,5381.247488
42,100,5381.362488
53,100,5381.904397
39,100,5382.475573
42,100,5383.100406
43,100,5383.615426
40,100,5383.73158
43,100,5384.249347
41,100,5384.766317
45,100,5385.281353
46,100,5385.397299
45,100,5385.917265
42,100,5386.434243
45,100,5386.952365
44,100,5387.493608
38,100,5387.611729
49,100,5388.141494
40,100,5388.719129
40,100,5389.236107
40,100,5389.360635
49,100,5389.970941
40,100,5390.52616
37,100,5391.140062
39,100,5391.65699
44,100,5391.779416
47,100,5392.301966
41,100,5392.815934
46,100,5393.326912
42,100,5393.840348
41,100,5393.95988
42,100,5394.476307
39,100,5394.992261
47,100,5395.505816
46,100,5395.621225
39,100,5396.14171
48,100,5396.658753
40,100,5397.175145
48,100,5397.690716
49,100,5397.808116
40,100,5398.331792
36,100,5398.861649
50,100,5399.379043
38,100,5399.49277
41,100,5400.012598
40,100,5400.54159
37,100,5401.078537
38,100,5401.612521
49,100,5401.731509
45,100,5402.252488
35,100,5402.767455
41,100,5403.299436
43,100,5403.425072
39,100,5404.031605
35,100,5404.564171
38,100,5405.132348
49,100,5405.648393
43,100,5405.766319
41,100,5406.303292
46,100,5406.83426
40,100,5407.349243
42,100,5407.875222
45,100,5407.996214
42,100,5408.515183
40,100,5409.03516
41,100,5409.549145
42,100,5409.66955
53,100,5410.198116
37,100,5410.757267
36,100,5411.352471
49,100,5411.96945
42,100,5412.105011
34,100,5412.627404
36,100,5413.147388
44,100,5413.665359
38,100,5413.783356
52,100,5414.307927
44,100,5414.84888
41,100,5415.370284
41,100,5415.891254
39,100,5416.007242
41,100,5416.528798
42,100,5417.064781
39,100,5417.584167
48,100,5417.702173
48,100,5418.227143
37,100,5418.778699
50,100,5419.323111
34,100,5419.885639
40,100,5420.007452
32,100,5420.601617
40,100,5421.152586
35,100,5421.732991
26,100,5422.279256
39,100,5422.411279
40,100,5423.010501
47,100,5423.533886
44,100,5424.057441
40,100,5424.180445
40,100,5424.699415
43,100,5425.217394
46,100,5425.736366
39,100,5426.256778
51,100,5426.375759
40,100,5426.90032
43,100,5427.414289
35,100,5427.93029
40,100,5428.047155
38,100,5428.561648
37,100,5429.076204
42,100,5429.593187
36,100,5430.109154
45,100,5430.259569
38,100,5430.827132
38,100,5431.388513
38,100,5431.941488
38,100,5432.077483
29,100,5432.630032
41,100,5433.176019
42,100,5433.790412
32,100,5434.330652
36,100,5434.462332
40,100,5435.010944
46,100,5435.536894
44,100,5436.055289
42,100,5436.578294
36,100,5436.697257
39,100,5437.222821
42,100,5437.804213
43,100,5438.32719
49,100,5438.447761
41,100,5438.993162
39,100,5439.527122
44,100,5440.113684
37,100,5440.635656
43,100,5440.757672
45,100,5441.280049
37,100,5441.795594
31,100,5442.315574
44,100,5442.431587
37,100,5442.962296
41,100,5443.488938
41,100,5444.010224
38,100,5444.542477
44,100,5444.66247
47,100,5445.205438
39,100,5445.757438
44,100,5446.325898
43,100,5446.456805
42,100,5446.989769
38,100,5447.558322
41,100,5448.168302
40,100,5448.708267
35,100,5448.828265
38,100,5449.345239
45,100,5449.890146
35,100,5450.484605
46,100,5451.086164
38,100,5451.205156
41,100,5451.724138
41,100,5452.240111
39,100,5452.7585
43,100,5452.877075
43,100,5453.397049
38,100,5453.913445
34,100,5454.49542
40,100,5455.112757
39,100,5455.243382
45,100,5455.864368
36,100,5456.39932
43,100,5456.953304
40,100,5457.078872
35,100,5457.613851
46,100,5458.140241
46,100,5458.659797
34,100,5459.176135
43,100,5459.300302
37,100,5459.832166
43,100,5460.36571
46,100,5460.883688
39,100,5461.000108
40,100,5461.519634
43,100,5462.099051
37,100,5462.640052
43,100,5463.221583
42,100,5463.342578
37,100,5463.861547
40,100,5464.376935
40,100,5464.891494
43,100,5465.40601
33,100,5465.526472
41,100,5466.043453
39,100,5466.591886
41,100,5467.135391
36,100,5467.249382
38,100,5467.77237
41,100,5468.285337
41,100,5468.799311
41,100,5469.314289
48,100,5469.431285
39,100,5469.954264
36,100,5470.479242
46,100,5471.004626
42,100,5471.123385
27,100,5471.66064
45,100,5472.237145
38,100,5472.760126
45,100,5473.286518
34,100,5473.409103
38,100,5473.940068
43,100,5474.458357
49,100,5474.982157
39,100,5475.11043
39,100,5475.628982
39,100,5476.147959
40,100,5476.717357
38,100,5477.24433
45,100,5477.359327
36,100,5477.906231
33,100,5478.535282
42,100,5479.100847
48,100,5479.614211
42,100,5479.733308
42,100,5480.260186
38,100,5480.781169
42,100,5481.297139
40,100,5481.415129
42,100,5481.946689
31,100,5482.518668
34,100,5483.121687
40,100,5483.703604
35,100,5483.86061
36,100,5484.429413
44,100,5484.957544
55,100,5485.488334
41,100,5485.623523
40,100,5486.200709
39,100,5486.757459
36,100,5487.291718
45,100,5487.844482
42,100,5487.979395
44,100,5488.528368
40,100,5489.078341
45,100,5489.660322
39,100,5489.787311
45,100,5490.314515
44,100,5490.845263
38,100,5491.402026
34,100,5492.010168
46,100,5492.141277
47,100,5492.664602
41,100,5493.191167
43,100,5493.723133
33,100,5494.244528
44,100,5494.376226
32,100,5494.942482
42,100,5495.470459
39,100,5495.995603
42,100,5496.111318
36,100,5496.628981
54,100,5497.143075
44,100,5497.715383
40,100,5498.243909
36,100,5498.369327
43,100,5498.902877
46,100,5499.474283
39,100,5500.074274
43,100,5500.223815
39,100,5500.784211
43,100,5501.35476
43,100,5501.880748
48,100,5502.399675
38,100,5502.515703
45,100,5503.041456
33,100,5503.559649
35,100,5504.076331
42,100,5504.200625
40,100,5504.726169
38,100,5505.247992
48,100,5505.767971
37,100,5506.294579
43,100,5506.415516
35,100,5506.94749
41,100,5507.474499
39,100,5508.030322
46,100,5508.580683
43,100,5508.703408
39,100,5509.325534
45,100,5509.939537
43,100,5510.534326
43,100,5510.669739
43,100,5511.217287
40,100,5511.753712
48,100,5512.268658
32,100,5512.78323
37,100,5512.899206
34,100,5513.493179
38,100,5514.109147
45,100,5514.632375
50,100,5514.761178
47,100,5515.356528
42,100,5515.926483
42,100,5516.459828
45,100,5517.076335
51,100,5517.204866
43,100,5517.736392
39,100,5518.279955
38,100,5518.808397
44,100,5518.932466
41,100,5519.554332
49,100,5520.114865
52,100,5520.706255
40,100,5521.223809
41,100,5521.340227
43,100,5521.912564
45,100,5522.472169
45,100,5523.012148
41,100,5523.5267
34,100,5523.644116
39,100,5524.225113
41,100,5524.830917
34,100,5525.384622
46,100,5525.519605
46,100,5526.047585
40,100,5526.626699
41,100,5527.216522
42,100,5527.749271
49,100,5527.867936
45,100,5528.407471
39,100,5528.940867
44,100,5529.454191
40,100,5529.571422
37,100,5530.104393
37,100,5530.651066
46,100,5531.201489
32,100,5531.732411
39,100,5531.868636
45,100,5532.430566
41,100,5532.952134
43,100,5533.49527
35,100,5533.618236
51,100,5534.208195
35,100,5534.760168
37,100,5535.290572
38,100,5535.821404
48,100,5535.954119
43,100,5536.533092
40,100,5537.134706
40,100,5537.734029
44,100,5538.337633
40,100,5538.476548
40,100,5539.080281
38,100,5539.638353
47,100,5540.197464
48,100,5540.319317
35,100,5540.844874
42,100,5541.392277
30,100,5541.939249
43,100,5542.517545
35,100,5542.674412
